0.705463 -12.436 3.23907 -0.863399 0.484537 -0.140592
0.707041 -12.4336 3.23753 -0.863399 0.484537 -0.140592
0.699078 -12.4485 3.23482 -0.863399 0.484537 -0.140592
0.707041 -12.4336 3.23753 -0.863399 0.484537 -0.140592
0.703624 -12.4419 3.22991 -0.863399 0.484537 -0.140592
0.699078 -12.4485 3.23482 -0.863399 0.484537 -0.140592
0.710308 -12.4336 3.23741 -0.0272269 0.679878 -0.732819
0.713151 -12.4419 3.22956 -0.0272269 0.679878 -0.732819
0.707041 -12.4336 3.23753 -0.0272269 0.679878 -0.732819
0.713151 -12.4419 3.22956 -0.0272269 0.679878 -0.732819
0.703624 -12.4419 3.22991 -0.0272269 0.679878 -0.732819
0.707041 -12.4336 3.23753 -0.0272269 0.679878 -0.732819
0.710308 -12.4336 3.23741 0.850586 0.484537 -0.204273
0.711997 -12.436 3.23882 0.850586 0.484537 -0.204273
0.713151 -12.4419 3.22956 0.850586 0.484537 -0.204273
0.711997 -12.436 3.23882 0.850586 0.484537 -0.204273
0.718049 -12.4485 3.23412 0.850586 0.484537 -0.204273
0.713151 -12.4419 3.22956 0.850586 0.484537 -0.204273
0.710418 -12.4384 3.24036 0.675274 0.0550298 0.735511
0.713461 -12.4552 3.23892 0.675274 0.0550297 0.735511
0.711997 -12.436 3.23882 0.675274 0.0550298 0.735511
0.713461 -12.4552 3.23892 0.675274 0.0550297 0.735511
0.718049 -12.4485 3.23412 0.675274 0.0550298 0.735512
0.711997 -12.436 3.23882 0.675274 0.0550298 0.735511
0.710418 -12.4384 3.24036 0.0370117 -0.0790849 0.996181
0.707151 -12.4384 3.24048 0.0370117 -0.0790849 0.996181
0.713461 -12.4552 3.23892 0.0370117 -0.0790849 0.996181
0.707151 -12.4384 3.24048 0.0370117 -0.0790849 0.996181
0.70401 -12.4552 3.23927 0.0370117 -0.0790849 0.996181
0.713461 -12.4552 3.23892 0.0370117 -0.0790849 0.996181
0.705463 -12.436 3.23907 -0.618833 0.0550298 0.783593
0.699078 -12.4485 3.23482 -0.618832 0.0550298 0.783593
0.707151 -12.4384 3.24048 -0.618833 0.0550298 0.783593
0.699078 -12.4485 3.23482 -0.618832 0.0550298 0.783593
0.70401 -12.4552 3.23927 -0.618832 0.0550298 0.783593
0.707151 -12.4384 3.24048 -0.618833 0.0550298 0.783593
0.699078 -12.4485 3.23482 -0.872142 0.448083 -0.196442
0.703624 -12.4419 3.22991 -0.872142 0.448083 -0.196442
0.694699 -12.46 3.22821 -0.872142 0.448083 -0.196442
0.703624 -12.4419 3.22991 -0.872142 0.448083 -0.196442
0.701276 -12.45 3.22179 -0.872142 0.448083 -0.196442
0.694699 -12.46 3.22821 -0.872142 0.448083 -0.196442
0.713151 -12.4419 3.22956 -0.0260301 0.71307 -0.70061
0.71489 -12.45 3.22129 -0.0260301 0.71307 -0.70061
0.703624 -12.4419 3.22991 -0.0260301 0.71307 -0.70061
0.71489 -12.45 3.22129 -0.0260301 0.71307 -0.70061
0.701276 -12.45 3.22179 -0.0260301 0.71307 -0.70061
0.703624 -12.4419 3.22991 -0.0260301 0.71307 -0.70061
0.713151 -12.4419 3.22956 0.855161 0.448083 -0.260618
0.718049 -12.4485 3.23412 0.855161 0.448083 -0.260618
0.71489 -12.45 3.22129 0.855161 0.448083 -0.260618
0.718049 -12.4485 3.23412 0.855161 0.448083 -0.260618
0.721926 -12.46 3.2272 0.855161 0.448083 -0.260618
0.71489 -12.45 3.22129 0.855161 0.448083 -0.260618
0.713461 -12.4552 3.23892 0.782902 -0.112502 0.611889
0.715348 -12.4701 3.23361 0.782902 -0.112502 0.611889
0.718049 -12.4485 3.23412 0.782902 -0.112502 0.611889
0.715348 -12.4701 3.23361 0.782902 -0.112502 0.611889
0.721926 -12.46 3.2272 0.782902 -0.112502 0.611889
0.718049 -12.4485 3.23412 0.782902 -0.112502 0.611889
0.713461 -12.4552 3.23892 0.035031 -0.331315 0.94287
0.70401 -12.4552 3.23927 0.035031 -0.331315 0.94287
0.715348 -12.4701 3.23361 0.035031 -0.331315 0.94287
0.70401 -12.4552 3.23927 0.035031 -0.331315 0.94287
0.701734 -12.4701 3.23412 0.035031 -0.331315 0.94287
0.715348 -12.4701 3.23361 0.035031 -0.331315 0.94287
0.699078 -12.4485 3.23482 -0.735339 -0.112502 0.668297
0.694699 -12.46 3.22821 -0.735339 -0.112502 0.668297
0.70401 -12.4552 3.23927 -0.735339 -0.112502 0.668297
0.694699 -12.46 3.22821 -0.735339 -0.112502 0.668297
0.701734 -12.4701 3.23412 -0.735339 -0.112502 0.668297
0.70401 -12.4552 3.23927 -0.735339 -0.112502 0.668297
0.701276 -12.45 3.22179 -0.874194 0.377456 -0.305468
0.700018 -12.4906 3.17519 -0.874194 0.377456 -0.305468
0.694699 -12.46 3.22821 -0.874194 0.377456 -0.305468
0.700018 -12.4906 3.17519 -0.874194 0.377456 -0.305468
0.693809 -12.5001 3.18118 -0.874194 0.377456 -0.305468
0.694699 -12.46 3.22821 -0.874194 0.377456 -0.305468
0.71489 -12.45 3.22129 -0.0243993 0.753745 -0.656714
0.712687 -12.4906 3.17472 -0.0243993 0.753745 -0.656714
0.701276 -12.45 3.22179 -0.0243993 0.753745 -0.656714
0.712687 -12.4906 3.17472 -0.0243993 0.753745 -0.656714
0.700018 -12.4906 3.17519 -0.0243993 0.753745 -0.656714
0.701276 -12.45 3.22179 -0.0243993 0.753745 -0.656714
0.721926 -12.46 3.2272 0.849117 0.377456 -0.369496
0.719323 -12.5001 3.18023 0.849117 0.377456 -0.369495
0.71489 -12.45 3.22129 0.849117 0.377456 -0.369495
0.719323 -12.5001 3.18023 0.849117 0.377456 -0.369495
0.712687 -12.4906 3.17472 0.849117 0.377456 -0.369496
0.71489 -12.45 3.22129 0.849117 0.377456 -0.369495
0.715348 -12.4701 3.23361 0.877549 -0.386952 0.283155
0.713199 -12.5097 3.18632 0.877549 -0.386952 0.283155
0.721926 -12.46 3.2272 0.877549 -0.386952 0.283155
0.713199 -12.5097 3.18632 0.877549 -0.386952 0.283155
0.719323 -12.5001 3.18023 0.877549 -0.386952 0.283155
0.721926 -12.46 3.2272 0.877549 -0.386952 0.283155
0.701734 -12.4701 3.23412 0.0238377 -0.76667 0.641598
0.700367 -12.5097 3.1868 0.0238377 -0.76667 0.641598
0.715348 -12.4701 3.23361 0.0238377 -0.76667 0.641598
0.700367 -12.5097 3.1868 0.0238377 -0.76667 0.641598
0.713199 -12.5097 3.18632 0.0238377 -0.76667 0.641598
0.715348 -12.4701 3.23361 0.0238377 -0.76667 0.641598
0.694699 -12.46 3.22821 -0.854118 -0.386951 0.347492
0.693809 -12.5001 3.18118 -0.854118 -0.386951 0.347492
0.701734 -12.4701 3.23412 -0.854118 -0.386951 0.347492
0.693809 -12.5001 3.18118 -0.854118 -0.386951 0.347492
0.700367 -12.5097 3.1868 -0.854118 -0.386951 0.347492
0.701734 -12.4701 3.23412 -0.854118 -0.386951 0.347492
0.700018 -12.4906 3.17519 -0.875424 0.398284 -0.273865
0.697748 -12.5289 3.12681 -0.875424 0.398284 -0.273865
0.693809 -12.5001 3.18118 -0.875424 0.398284 -0.273865
0.697748 -12.5289 3.12681 -0.875424 0.398284 -0.273865
0.69117 -12.5389 3.13323 -0.875424 0.398284 -0.273865
0.693809 -12.5001 3.18118 -0.875424 0.398284 -0.273865
0.712687 -12.4906 3.17472 -0.0230104 0.784791 -0.619333
0.711361 -12.5289 3.12631 -0.0230104 0.784791 -0.619333
0.700018 -12.4906 3.17519 -0.0230104 0.784791 -0.619333
0.711361 -12.5289 3.12631 -0.0230104 0.784791 -0.619333
0.697748 -12.5289 3.12681 -0.0230104 0.784791 -0.619333
0.700018 -12.4906 3.17519 -0.0230104 0.784791 -0.619333
0.719323 -12.5001 3.18023 0.852689 0.398284 -0.338071
0.718397 -12.5389 3.13222 0.852689 0.398284 -0.338071
0.712687 -12.4906 3.17472 0.852689 0.398284 -0.338071
0.718397 -12.5389 3.13222 0.852689 0.398284 -0.338071
0.711361 -12.5289 3.12631 0.852689 0.398284 -0.338071
0.712687 -12.4906 3.17472 0.852689 0.398284 -0.338071
0.713199 -12.5097 3.18632 0.877276 -0.382146 0.290432
0.711819 -12.549 3.13863 0.877276 -0.382146 0.290432
0.719323 -12.5001 3.18023 0.877276 -0.382146 0.290432
0.711819 -12.549 3.13863 0.877276 -0.382146 0.290432
0.718397 -12.5389 3.13222 0.877276 -0.382146 0.290432
0.719323 -12.5001 3.18023 0.877276 -0.382146 0.290432
0.700367 -12.5097 3.1868 0.0235873 -0.772268 0.634859
0.698205 -12.549 3.13914 0.0235873 -0.772268 0.634859
0.713199 -12.5097 3.18632 0.0235873 -0.772268 0.634859
0.698205 -12.549 3.13914 0.0235873 -0.772268 0.634859
0.711819 -12.549 3.13863 0.0235873 -0.772268 0.634859
0.713199 -12.5097 3.18632 0.0235873 -0.772268 0.634859
0.693809 -12.5001 3.18118 -0.853306 -0.382146 0.354729
0.69117 -12.5389 3.13323 -0.853306 -0.382146 0.354729
0.700367 -12.5097 3.1868 -0.853306 -0.382146 0.354729
0.69117 -12.5389 3.13323 -0.853306 -0.382146 0.354729
0.698205 -12.549 3.13914 -0.853306 -0.382146 0.354729
0.700367 -12.5097 3.1868 -0.853306 -0.382146 0.354729
0.697748 -12.5289 3.12681 -0.869582 0.479802 -0.116694
0.690389 -12.5497 3.09454 -0.869582 0.479802 -0.116694
0.69117 -12.5389 3.13323 -0.869582 0.479802 -0.116694
0.690389 -12.5497 3.09454 -0.869582 0.479802 -0.116694
0.677826 -12.5705 3.10413 -0.869582 0.479802 -0.116694
0.69117 -12.5389 3.13323 -0.869582 0.479802 -0.116694
0.711361 -12.5289 3.12631 -0.0200596 0.841484 -0.539909
0.716305 -12.5497 3.09358 -0.0200596 0.841484 -0.539909
0.697748 -12.5289 3.12681 -0.0200596 0.841484 -0.539909
0.716305 -12.5497 3.09358 -0.0200596 0.841484 -0.539909
0.690389 -12.5497 3.09454 -0.0200596 0.841484 -0.539909
0.697748 -12.5289 3.12681 -0.0200596 0.841484 -0.539909
0.718397 -12.5389 3.13222 0.858525 0.479802 -0.1809
0.729544 -12.5705 3.10221 0.858525 0.479802 -0.1809
0.711361 -12.5289 3.12631 0.858525 0.479802 -0.1809
0.729544 -12.5705 3.10221 0.858525 0.479802 -0.1809
0.716305 -12.5497 3.09358 0.858525 0.479802 -0.1809
0.711361 -12.5289 3.12631 0.858525 0.479802 -0.1809
0.711819 -12.549 3.13863 0.813922 -0.231613 0.532811
0.716932 -12.5911 3.11178 0.813922 -0.231613 0.532811
0.718397 -12.5389 3.13222 0.813922 -0.231613 0.532811
0.716932 -12.5911 3.11178 0.813922 -0.231613 0.532811
0.729544 -12.5705 3.10221 0.813922 -0.231613 0.532811
0.718397 -12.5389 3.13222 0.813922 -0.231613 0.532811
0.698205 -12.549 3.13914 0.0313743 -0.534716 0.844449
0.691113 -12.5911 3.11273 0.0313743 -0.534716 0.844449
0.711819 -12.549 3.13863 0.0313743 -0.534716 0.844449
0.691113 -12.5911 3.11273 0.0313743 -0.534716 0.844449
0.716932 -12.5911 3.11178 0.0313743 -0.534716 0.84445
0.711819 -12.549 3.13863 0.0313743 -0.534716 0.844449
0.69117 -12.5389 3.13323 -0.772141 -0.231613 0.591738
0.677826 -12.5705 3.10413 -0.772141 -0.231613 0.591738
0.698205 -12.549 3.13914 -0.772141 -0.231613 0.591738
0.677826 -12.5705 3.10413 -0.772141 -0.231613 0.591738
0.691113 -12.5911 3.11273 -0.772141 -0.231613 0.591738
0.698205 -12.549 3.13914 -0.772141 -0.231613 0.591738
0.690389 -12.5497 3.09454 -0.858467 0.512753 -0.0109067
0.682073 -12.5643 3.05947 -0.858467 0.512753 -0.0109067
0.677826 -12.5705 3.10413 -0.858467 0.512753 -0.0109067
0.682073 -12.5643 3.05947 -0.858467 0.512753 -0.0109067
0.662552 -12.5968 3.07205 -0.858467 0.512753 -0.0109067
0.677826 -12.5705 3.10413 -0.858467 0.512753 -0.0109067
0.716305 -12.5497 3.09358 -0.014154 0.924483 -0.38096
0.721995 -12.5643 3.05799 -0.014154 0.924483 -0.38096
0.690389 -12.5497 3.09454 -0.014154 0.924483 -0.38096
0.721995 -12.5643 3.05799 -0.014154 0.924483 -0.38096
0.682073 -12.5643 3.05947 -0.014154 0.924483 -0.38096
0.690389 -12.5497 3.09454 -0.014154 0.924483 -0.38096
0.729544 -12.5705 3.10221 0.855291 0.512753 -0.0745791
0.742396 -12.5968 3.06909 0.855291 0.512753 -0.0745791
0.716305 -12.5497 3.09358 0.855291 0.512753 -0.0745791
0.742396 -12.5968 3.06909 0.855291 0.512753 -0.0745791
0.721995 -12.5643 3.05799 0.855291 0.512753 -0.0745791
0.716305 -12.5497 3.09358 0.855291 0.512753 -0.0745791
0.716932 -12.5911 3.11178 0.809587 -0.273066 0.519619
0.722875 -12.6293 3.08167 0.809587 -0.273066 0.519619
0.729544 -12.5705 3.10221 0.809587 -0.273066 0.519619
0.722875 -12.6293 3.08167 0.809587 -0.273066 0.519619
0.742396 -12.5968 3.06909 0.809587 -0.273066 0.519619
0.729544 -12.5705 3.10221 0.809587 -0.273066 0.519619
0.691113 -12.5911 3.11273 0.0292628 -0.61547 0.787617
0.682953 -12.6293 3.08315 0.0292628 -0.615471 0.787617
0.716932 -12.5911 3.11178 0.0292628 -0.61547 0.787616
0.682953 -12.6293 3.08315 0.0292628 -0.615471 0.787617
0.722875 -12.6293 3.08167 0.0292628 -0.61547 0.787616
0.716932 -12.5911 3.11178 0.0292628 -0.61547 0.787616
0.677826 -12.5705 3.10413 -0.768797 -0.273066 0.578261
0.662552 -12.5968 3.07205 -0.768797 -0.273066 0.578261
0.691113 -12.5911 3.11273 -0.768797 -0.273066 0.578261
0.662552 -12.5968 3.07205 -0.768797 -0.273066 0.578261
0.682953 -12.6293 3.08315 -0.768797 -0.273066 0.578261
0.691113 -12.5911 3.11273 -0.768797 -0.273066 0.578261
0.682073 -12.5643 3.05947 -0.854921 0.517944 0.029059
0.673984 -12.5739 2.99983 -0.854921 0.517944 0.029059
0.662552 -12.5968 3.07205 -0.854921 0.517944 0.029059
0.673984 -12.5739 2.99983 -0.854921 0.517944 0.029059
0.648695 -12.6168 3.01328 -0.854921 0.517944 0.029059
0.662552 -12.5968 3.07205 -0.854921 0.517944 0.029059
0.721995 -12.5643 3.05799 -0.00586477 0.987445 -0.157852
0.725636 -12.5739 2.99791 -0.00586477 0.987445 -0.157852
0.682073 -12.5643 3.05947 -0.00586477 0.987445 -0.157852
0.725636 -12.5739 2.99791 -0.00586477 0.987445 -0.157852
0.673984 -12.5739 2.99983 -0.00586477 0.987445 -0.157852
0.682073 -12.5643 3.05947 -0.00586477 0.987445 -0.157852
0.742396 -12.5968 3.06909 0.85472 0.517944 -0.0344602
0.751853 -12.6168 3.00944 0.85472 0.517944 -0.0344602
0.721995 -12.5643 3.05799 0.85472 0.517944 -0.0344602
0.751853 -12.6168 3.00944 0.85472 0.517944 -0.0344602
0.725636 -12.5739 2.99791 0.85472 0.517944 -0.0344602
0.721995 -12.5643 3.05799 0.85472 0.517944 -0.0344602
0.722875 -12.6293 3.08167 0.8648 -0.420692 0.274115
0.726496 -12.6597 3.02283 0.8648 -0.420692 0.274115
0.742396 -12.5968 3.06909 0.8648 -0.420692 0.274115
0.726496 -12.6597 3.02283 0.8648 -0.420692 0.274115
0.751853 -12.6168 3.00944 0.8648 -0.420692 0.274115
0.742396 -12.5968 3.06909 0.8648 -0.420692 0.274115
0.682953 -12.6293 3.08315 0.0170472 -0.88836 0.458831
0.674976 -12.6597 3.02474 0.0170472 -0.88836 0.458831
0.722875 -12.6293 3.08167 0.0170472 -0.88836 0.458831
0.674976 -12.6597 3.02474 0.0170472 -0.88836 0.458831
0.726496 -12.6597 3.02283 0.0170472 -0.88836 0.458831
0.722875 -12.6293 3.08167 0.0170472 -0.88836 0.458831
0.662552 -12.5968 3.07205 -0.842075 -0.420692 0.337532
0.648695 -12.6168 3.01328 -0.842075 -0.420692 0.337532
0.682953 -12.6293 3.08315 -0.842075 -0.420692 0.337532
0.648695 -12.6168 3.01328 -0.842075 -0.420692 0.337532
0.674976 -12.6597 3.02474 -0.842075 -0.420692 0.337532
0.682953 -12.6293 3.08315 -0.842075 -0.420692 0.337532
0.673984 -12.5739 2.99983 -0.858338 0.512017 0.0330775
0.6692 -12.5777 2.93896 -0.858338 0.512017 0.0330775
0.648695 -12.6168 3.01328 -0.858338 0.512017 0.0330775
0.6692 -12.5777 2.93896 -0.858338 0.512017 0.0330775
0.641252 -12.6256 2.95069 -0.858338 0.512017 0.0330775
0.648695 -12.6168 3.01328 -0.858338 0.512017 0.0330775
0.725636 -12.5739 2.99791 -0.00227425 0.998122 -0.0612122
0.72589 -12.5777 2.93685 -0.00227425 0.998122 -0.0612122
0.673984 -12.5739 2.99983 -0.00227425 0.998122 -0.0612122
0.72589 -12.5777 2.93685 -0.00227425 0.998122 -0.0612122
0.6692 -12.5777 2.93896 -0.00227425 0.998122 -0.0612122
0.673984 -12.5739 2.99983 -0.00227425 0.998122 -0.0612122
0.751853 -12.6168 3.00944 0.858426 0.512017 -0.0307065
0.754631 -12.6256 2.94648 0.858426 0.512017 -0.0307065
0.725636 -12.5739 2.99791 0.858426 0.512017 -0.0307066
0.754631 -12.6256 2.94648 0.858426 0.512017 -0.0307065
0.72589 -12.5777 2.93685 0.858426 0.512017 -0.0307066
0.725636 -12.5739 2.99791 0.858426 0.512017 -0.0307066
0.726496 -12.6597 3.02283 0.869997 -0.48157 0.105809
0.726683 -12.6736 2.95821 0.869997 -0.48157 0.105809
0.751853 -12.6168 3.00944 0.869997 -0.48157 0.105809
0.726683 -12.6736 2.95821 0.869997 -0.48157 0.105809
0.754631 -12.6256 2.94648 0.869997 -0.48157 0.105809
0.751853 -12.6168 3.00944 0.869997 -0.48157 0.105809
0.674976 -12.6597 3.02474 0.00781331 -0.977606 0.210298
0.669994 -12.6736 2.96031 0.00781331 -0.977606 0.210298
0.726496 -12.6597 3.02283 0.00781331 -0.977606 0.210298
0.669994 -12.6736 2.96031 0.00781331 -0.977606 0.210298
0.726683 -12.6736 2.95821 0.00781331 -0.977606 0.210298
0.726496 -12.6597 3.02283 0.00781331 -0.977606 0.210298
0.648695 -12.6168 3.01328 -0.859747 -0.48157 0.170076
0.641252 -12.6256 2.95069 -0.859747 -0.48157 0.170076
0.674976 -12.6597 3.02474 -0.859747 -0.48157 0.170076
0.641252 -12.6256 2.95069 -0.859747 -0.48157 0.170076
0.669994 -12.6736 2.96031 -0.859747 -0.48157 0.170076
0.674976 -12.6597 3.02474 -0.859747 -0.48157 0.170076
0.6692 -12.5777 2.93896 -0.856959 0.512955 0.0499817
0.669492 -12.5725 2.8901 -0.856959 0.512955 0.0499817
0.641252 -12.6256 2.95069 -0.856959 0.512955 0.0499817
0.669492 -12.5725 2.8901 -0.856959 0.512955 0.0499817
0.64345 -12.6169 2.90073 -0.856959 0.512955 0.0499817
0.641252 -12.6256 2.95069 -0.856959 0.512955 0.0499817
0.72589 -12.5777 2.93685 0.00387925 0.994527 0.104411
0.721974 -12.5725 2.88815 0.00387925 0.994527 0.104411
0.6692 -12.5777 2.93896 0.00387925 0.994527 0.104411
0.721974 -12.5725 2.88815 0.00387925 0.994527 0.104411
0.669492 -12.5725 2.8901 0.00387925 0.994527 0.104411
0.6692 -12.5777 2.93896 0.00387925 0.994527 0.104411
0.754631 -12.6256 2.94648 0.858306 0.512955 -0.0137464
0.748732 -12.6169 2.89681 0.858306 0.512955 -0.0137464
0.72589 -12.5777 2.93685 0.858306 0.512955 -0.0137464
0.748732 -12.6169 2.89681 0.858306 0.512955 -0.0137464
0.721974 -12.5725 2.88815 0.858306 0.512955 -0.0137464
0.72589 -12.5777 2.93685 0.858306 0.512955 -0.0137464
0.726683 -12.6736 2.95821 0.828621 -0.527126 -0.18848
0.722843 -12.6616 2.90748 0.828621 -0.527126 -0.18848
0.754631 -12.6256 2.94648 0.828621 -0.527126 -0.18848
0.722843 -12.6616 2.90748 0.828621 -0.527126 -0.18848
0.748732 -12.6169 2.89681 0.828621 -0.527126 -0.18848
0.754631 -12.6256 2.94648 0.828621 -0.527126 -0.18848
0.669994 -12.6736 2.96031 -0.00848054 -0.973564 -0.228256
0.670059 -12.6616 2.90944 -0.00848054 -0.973564 -0.228256
0.726683 -12.6736 2.95821 -0.00848054 -0.973564 -0.228256
0.670059 -12.6616 2.90944 -0.00848054 -0.973564 -0.228256
0.722843 -12.6616 2.90748 -0.00848054 -0.973564 -0.228256
0.726683 -12.6736 2.95821 -0.00848054 -0.973564 -0.228256
0.641252 -12.6256 2.95069 -0.840323 -0.527126 -0.126472
0.64345 -12.6169 2.90073 -0.840323 -0.527126 -0.126472
0.669994 -12.6736 2.96031 -0.840323 -0.527126 -0.126472
0.64345 -12.6169 2.90073 -0.840323 -0.527126 -0.126472
0.670059 -12.6616 2.90944 -0.840323 -0.527126 -0.126472
0.669994 -12.6736 2.96031 -0.840323 -0.527126 -0.126472
0.669492 -12.5725 2.8901 -0.869272 0.476778 -0.130567
0.674066 -12.5767 2.84397 -0.869272 0.476778 -0.130567
0.64345 -12.6169 2.90073 -0.869272 0.476778 -0.130567
0.674066 -12.5767 2.84397 -0.869272 0.476778 -0.130567
0.654385 -12.6104 2.85223 -0.869272 0.476778 -0.130567
0.64345 -12.6169 2.90073 -0.869272 0.476778 -0.130567
0.721974 -12.5725 2.88815 -0.00333705 0.995953 -0.0898177
0.713989 -12.5767 2.84249 -0.00333705 0.995953 -0.0898177
0.669492 -12.5725 2.8901 -0.00333705 0.995953 -0.0898177
0.713989 -12.5767 2.84249 -0.00333705 0.995953 -0.0898177
0.674066 -12.5767 2.84397 -0.00333705 0.995953 -0.0898177
0.669492 -12.5725 2.8901 -0.00333705 0.995953 -0.0898177
0.748732 -12.6169 2.89681 0.857187 0.476778 -0.194711
0.734229 -12.6104 2.84926 0.857187 0.476778 -0.194711
0.721974 -12.5725 2.88815 0.857187 0.476778 -0.194711
0.734229 -12.6104 2.84926 0.857187 0.476778 -0.194711
0.713989 -12.5767 2.84249 0.857187 0.476778 -0.194711
0.721974 -12.5725 2.88815 0.857187 0.476778 -0.194711
0.722843 -12.6616 2.90748 0.785947 -0.532378 -0.314423
0.714547 -12.6442 2.85752 0.785947 -0.532378 -0.314423
0.748732 -12.6169 2.89681 0.785947 -0.532378 -0.314423
0.714547 -12.6442 2.85752 0.785947 -0.532378 -0.314423
0.734229 -12.6104 2.84926 0.785947 -0.532378 -0.314423
0.748732 -12.6169 2.89681 0.785947 -0.532378 -0.314423
0.670059 -12.6616 2.90944 -0.0121671 -0.944779 -0.327482
0.674625 -12.6442 2.85901 -0.0121671 -0.944779 -0.327482
0.722843 -12.6616 2.90748 -0.0121671 -0.944779 -0.327482
0.674625 -12.6442 2.85901 -0.0121671 -0.944779 -0.327482
0.714547 -12.6442 2.85752 -0.0121671 -0.944779 -0.327482
0.722843 -12.6616 2.90748 -0.0121671 -0.944779 -0.327482
0.64345 -12.6169 2.90073 -0.807111 -0.532378 -0.255235
0.654385 -12.6104 2.85223 -0.807111 -0.532378 -0.255235
0.670059 -12.6616 2.90944 -0.807111 -0.532378 -0.255235
0.654385 -12.6104 2.85223 -0.807111 -0.532378 -0.255235
0.674625 -12.6442 2.85901 -0.807112 -0.532378 -0.255235
0.670059 -12.6616 2.90944 -0.807111 -0.532378 -0.255235
0.674066 -12.5767 2.84397 -0.758589 0.291372 -0.582791
0.682493 -12.6091 2.81632 -0.758589 0.291372 -0.582791
0.654385 -12.6104 2.85223 -0.758589 0.291372 -0.582791
0.682493 -12.6091 2.81632 -0.758589 0.291372 -0.582791
0.67163 -12.6266 2.82216 -0.758589 0.291372 -0.582791
0.654385 -12.6104 2.85223 -0.758589 0.291372 -0.582791
0.713989 -12.5767 2.84249 -0.028389 0.644474 -0.764099
0.703534 -12.6091 2.81554 -0.028389 0.644474 -0.764099
0.674066 -12.5767 2.84397 -0.028389 0.644474 -0.764099
0.703534 -12.6091 2.81554 -0.028389 0.644474 -0.764099
0.682493 -12.6091 2.81632 -0.028389 0.644474 -0.764099
0.674066 -12.5767 2.84397 -0.028389 0.644474 -0.764099
0.734229 -12.6104 2.84926 0.713252 0.291372 -0.637475
0.714799 -12.6266 2.82055 0.713252 0.291372 -0.637475
0.713989 -12.5767 2.84249 0.713252 0.291372 -0.637475
0.714799 -12.6266 2.82055 0.713252 0.291372 -0.637475
0.703534 -12.6091 2.81554 0.713252 0.291372 -0.637475
0.713989 -12.5767 2.84249 0.713252 0.291372 -0.637475
0.714547 -12.6442 2.85752 0.809604 -0.532283 -0.247417
0.704523 -12.6451 2.82674 0.809604 -0.532283 -0.247417
0.734229 -12.6104 2.84926 0.809604 -0.532283 -0.247417
0.704523 -12.6451 2.82674 0.809604 -0.532283 -0.247417
0.714799 -12.6266 2.82055 0.809604 -0.532283 -0.247417
0.734229 -12.6104 2.84926 0.809604 -0.532283 -0.247417
0.674625 -12.6442 2.85901 0.00112269 -0.999543 0.0302174
0.682337 -12.6451 2.82756 0.00112269 -0.999543 0.0302175
0.714547 -12.6442 2.85752 0.00112269 -0.999543 0.0302175
0.682337 -12.6451 2.82756 0.00112269 -0.999543 0.0302175
0.704523 -12.6451 2.82674 0.00112269 -0.999543 0.0302175
0.714547 -12.6442 2.85752 0.00112269 -0.999543 0.0302175
0.654385 -12.6104 2.85223 -0.825732 -0.532283 -0.186659
0.67163 -12.6266 2.82216 -0.825732 -0.532283 -0.186659
0.674625 -12.6442 2.85901 -0.825732 -0.532283 -0.186659
0.67163 -12.6266 2.82216 -0.825732 -0.532283 -0.186659
0.682337 -12.6451 2.82756 -0.825732 -0.532283 -0.186659
0.674625 -12.6442 2.85901 -0.825732 -0.532283 -0.186659
0.682493 -12.6091 2.81632 -0.678576 0.183493 -0.711242
0.692288 -12.6498 2.79647 -0.678576 0.183493 -0.711242
0.67163 -12.6266 2.82216 -0.678576 0.183493 -0.711242
0.692288 -12.6498 2.79647 -0.678576 0.183493 -0.711242
0.692286 -12.6498 2.79647 -0.678576 0.183493 -0.711242
0.67163 -12.6266 2.82216 -0.678576 0.183493 -0.711242
0.703534 -12.6091 2.81554 -0.0334956 0.431389 -0.901544
0.692292 -12.6498 2.79647 -0.0334956 0.431389 -0.901544
0.682493 -12.6091 2.81632 -0.0334956 0.431389 -0.901544
0.692292 -12.6498 2.79647 -0.0334956 0.431389 -0.901544
0.692288 -12.6498 2.79647 -0.0334956 0.431389 -0.901544
0.682493 -12.6091 2.81632 -0.0334956 0.431389 -0.901544
0.714799 -12.6266 2.82055 0.623928 0.183493 -0.759634
0.692294 -12.6498 2.79647 0.623928 0.183493 -0.759634
0.703534 -12.6091 2.81554 0.623928 0.183493 -0.759634
0.692294 -12.6498 2.79647 0.623928 0.183493 -0.759634
0.692292 -12.6498 2.79647 0.623928 0.183493 -0.759634
0.703534 -12.6091 2.81554 0.623928 0.183493 -0.759634
0.704523 -12.6451 2.82674 0.810386 -0.531935 -0.245599
0.692292 -12.6498 2.79647 0.810386 -0.531935 -0.245599
0.714799 -12.6266 2.82055 0.810386 -0.531935 -0.245599
0.692292 -12.6498 2.79647 0.810386 -0.531935 -0.245599
0.692294 -12.6498 2.79647 0.810386 -0.531935 -0.245599
0.714799 -12.6266 2.82055 0.810386 -0.531935 -0.245599
0.682337 -12.6451 2.82756 0.00557324 -0.98867 0.150006
0.692288 -12.6498 2.79647 0.00557324 -0.988669 0.150006
0.704523 -12.6451 2.82674 0.00557324 -0.98867 0.150006
0.692288 -12.6498 2.79647 0.00557324 -0.988669 0.150006
0.692292 -12.6498 2.79647 0.00557324 -0.988669 0.150006
0.704523 -12.6451 2.82674 0.00557324 -0.98867 0.150006
0.67163 -12.6266 2.82216 -0.826376 -0.531936 -0.184787
0.692286 -12.6498 2.79647 -0.826377 -0.531936 -0.184787
0.682337 -12.6451 2.82756 -0.826376 -0.531936 -0.184787
0.692286 -12.6498 2.79647 -0.826377 -0.531936 -0.184787
0.692288 -12.6498 2.79647 -0.826377 -0.531936 -0.184787
0.682337 -12.6451 2.82756 -0.826376 -0.531936 -0.184787
0.70824 -12.4384 3.24044 -0.0316792 -0.522618 -0.851978
0.705463 -12.436 3.23907 -0.0316792 -0.522618 -0.851978
0.706515 -12.4344 3.23804 -0.0316792 -0.522618 -0.851978
0.707151 -12.4384 3.24048 -0.0316542 -0.52261 -0.851984
0.705463 -12.436 3.23907 -0.0316542 -0.52261 -0.851984
0.70824 -12.4384 3.24044 -0.0316542 -0.52261 -0.851984
0.710308 -12.4336 3.23741 -0.0316538 -0.522627 -0.851973
0.706515 -12.4344 3.23804 -0.0316538 -0.522627 -0.851973
0.707041 -12.4336 3.23753 -0.0316538 -0.522627 -0.851973
0.711434 -12.4352 3.23835 -0.0316664 -0.522628 -0.851972
0.706515 -12.4344 3.23804 -0.0316664 -0.522628 -0.851972
0.710308 -12.4336 3.23741 -0.0316664 -0.522629 -0.851972
0.70824 -12.4384 3.24044 -0.0316446 -0.522612 -0.851983
0.706515 -12.4344 3.23804 -0.0316446 -0.522612 -0.851983
0.711434 -12.4352 3.23835 -0.0316446 -0.522612 -0.851983
0.70824 -12.4384 3.24044 -0.0316542 -0.52261 -0.851984
0.711434 -12.4352 3.23835 -0.0316542 -0.52261 -0.851984
0.710418 -12.4384 3.24036 -0.0316542 -0.52261 -0.851984
0.710418 -12.4384 3.24036 -0.0316543 -0.522608 -0.851985
0.711434 -12.4352 3.23835 -0.0316543 -0.522608 -0.851985
0.711997 -12.436 3.23882 -0.0316543 -0.522608 -0.851985
0.692286 -12.6498 2.79647 0.0362394 0.217465 0.975395
0.692288 -12.6498 2.79647 0.0362394 0.217465 0.975395
0.69229 -12.6498 2.79647 0.0362394 0.217465 0.975395
0.692286 -12.6498 2.79647 0.0321403 0.217464 0.975539
0.69229 -12.6498 2.79647 0.0321403 0.217464 0.975539
0.692288 -12.6498 2.79647 0.0321403 0.217464 0.975539
0.692294 -12.6498 2.79647 0.0362394 0.217465 0.975395
0.69229 -12.6498 2.79647 0.0362394 0.217465 0.975395
0.692292 -12.6498 2.79647 0.0362394 0.217465 0.975395
0.692288 -12.6498 2.79647 0.0362394 0.217465 0.975395
0.69229 -12.6498 2.79647 0.0362394 0.217465 0.975395
0.692294 -12.6498 2.79647 0.0362394 0.217465 0.975395
0.692294 -12.6498 2.79647 0.04171 0.217462 0.975177
0.692292 -12.6498 2.79647 0.04171 0.217462 0.975177
0.692294 -12.6498 2.79647 0.04171 0.217462 0.975177
0.692288 -12.6498 2.79647 0.0382963 0.217465 0.975317
0.692294 -12.6498 2.79647 0.0382963 0.217465 0.975317
0.692292 -12.6498 2.79647 0.0382963 0.217465 0.975317
0.692288 -12.6498 2.79647 0.0362394 0.217465 0.975395
0.692292 -12.6498 2.79647 0.0362394 0.217465 0.975395
0.692288 -12.6498 2.79647 0.0362394 0.217465 0.975395
0.974884 -12.6149 3.08897 0.77508 -0.110098 -0.622198
0.93034 -12.6163 3.0449 0.725984 -0.117621 -0.677579
0.9749 -12.6141 3.08885 0.77508 -0.110098 -0.622198
0.93034 -12.6163 3.0449 0.725984 -0.117621 -0.677579
0.930437 -12.6113 3.04413 0.725984 -0.117621 -0.677579
0.9749 -12.6141 3.08885 0.77508 -0.110098 -0.622198
0.93034 -12.6163 3.0449 0.725984 -0.117621 -0.677579
0.887154 -12.6175 2.99527 0.71439 -0.119223 -0.689516
0.930437 -12.6113 3.04413 0.725984 -0.117621 -0.677579
0.887154 -12.6175 2.99527 0.71439 -0.119223 -0.689516
0.887352 -12.6072 2.99369 0.71439 -0.119223 -0.689516
0.930437 -12.6113 3.04413 0.725984 -0.117621 -0.677579
0.887154 -12.6175 2.99527 0.71439 -0.119223 -0.689516
0.842049 -12.6183 2.95343 0.518743 -0.139009 -0.843553
0.887352 -12.6072 2.99369 0.71439 -0.119223 -0.689516
0.842049 -12.6183 2.95343 0.518743 -0.139009 -0.843553
0.842336 -12.6034 2.95116 0.518743 -0.139009 -0.843553
0.887352 -12.6072 2.99369 0.71439 -0.119223 -0.689516
0.842049 -12.6183 2.95343 0.518743 -0.139009 -0.843553
0.791258 -12.6186 2.93479 0.250887 -0.151066 -0.956156
0.842336 -12.6034 2.95116 0.518743 -0.139009 -0.843553
0.791258 -12.6186 2.93479 0.250887 -0.151066 -0.956156
0.791572 -12.6023 2.9323 0.250887 -0.151066 -0.956156
0.842336 -12.6034 2.95116 0.518743 -0.139009 -0.843553
0.791258 -12.6186 2.93479 0.250887 -0.151066 -0.956156
0.738001 -12.6189 2.92622 0.157922 -0.152254 -0.975643
0.791572 -12.6023 2.9323 0.250887 -0.151066 -0.956156
0.738001 -12.6189 2.92622 0.157922 -0.152254 -0.975643
0.738315 -12.6026 2.92373 0.157922 -0.152254 -0.975643
0.791572 -12.6023 2.9323 0.250887 -0.151066 -0.956156
0.738315 -12.6026 2.92373 -0.987268 -0.00527991 -0.15898
0.738001 -12.6189 2.92622 -0.987268 -0.00527991 -0.15898
0.728873 -12.5935 2.98206 -0.987268 -0.00527991 -0.15898
0.738001 -12.6189 2.92622 -0.987268 -0.00527991 -0.15898
0.728559 -12.6098 2.98455 -0.987268 -0.00527991 -0.15898
0.728873 -12.5935 2.98206 -0.987268 -0.00527991 -0.15898
0.728873 -12.5935 2.98206 -0.987268 -0.00527991 -0.15898
0.728559 -12.6098 2.98455 -0.987268 -0.00527991 -0.15898
0.719431 -12.5844 3.04039 -0.987268 -0.00527991 -0.15898
0.728559 -12.6098 2.98455 -0.987268 -0.00527991 -0.15898
0.719116 -12.6007 3.04289 -0.987268 -0.00527991 -0.15898
0.719431 -12.5844 3.04039 -0.987268 -0.00527991 -0.15898
0.719116 -12.6007 3.04289 -0.987268 -0.00527991 -0.15898
0.714395 -12.5961 3.07205 -0.987268 -0.00527991 -0.15898
0.719431 -12.5844 3.04039 -0.987268 -0.00527991 -0.15898
0.714395 -12.5961 3.07205 -0.987268 -0.00527991 -0.15898
0.71471 -12.5798 3.06956 -0.987268 -0.00527991 -0.15898
0.719431 -12.5844 3.04039 -0.987268 -0.00527991 -0.15898
0.71471 -12.5798 3.06956 -0.157922 0.152254 0.975643
0.714395 -12.5961 3.07205 -0.157922 0.152254 0.975643
0.767967 -12.5796 3.07814 -0.114931 0.152339 0.981623
0.714395 -12.5961 3.07205 -0.157922 0.152254 0.975643
0.767652 -12.5959 3.08063 -0.114931 0.152339 0.981623
0.767967 -12.5796 3.07814 -0.114931 0.152339 0.981623
0.767652 -12.5959 3.08063 -0.114931 0.152339 0.981623
0.821991 -12.5987 3.08502 -0.042294 0.151838 0.9875
0.767967 -12.5796 3.07814 -0.114931 0.152339 0.981623
0.821991 -12.5987 3.08502 -0.042294 0.151838 0.9875
0.822261 -12.5847 3.08288 -0.042294 0.151838 0.9875
0.767967 -12.5796 3.07814 -0.114931 0.152339 0.981623
0.821991 -12.5987 3.08502 -0.042294 0.151838 0.9875
0.877063 -12.6046 3.08664 -0.0318762 0.1517 0.987912
0.822261 -12.5847 3.08288 -0.042294 0.151838 0.9875
0.877063 -12.6046 3.08664 -0.0318762 0.1517 0.987912
0.877239 -12.5955 3.08525 -0.0318762 0.1517 0.987912
0.822261 -12.5847 3.08288 -0.042294 0.151838 0.9875
0.877063 -12.6046 3.08664 -0.0318762 0.1517 0.987912
0.93162 -12.6106 3.09037 -0.0929042 0.152272 0.983962
0.877239 -12.5955 3.08525 -0.0318762 0.1517 0.987912
0.93162 -12.6106 3.09037 -0.0929042 0.152272 0.983962
0.931696 -12.6067 3.08977 -0.0929042 0.152272 0.983962
0.877239 -12.5955 3.08525 -0.0318762 0.1517 0.987912
0.93162 -12.6106 3.09037 -0.0929042 0.152272 0.983962
0.985106 -12.6143 3.09831 -0.134731 0.152336 0.979102
0.931696 -12.6067 3.08977 -0.0929042 0.152272 0.983962
0.985106 -12.6143 3.09831 -0.134731 0.152336 0.979102
0.98511 -12.6141 3.09828 -0.134731 0.152336 0.979102
0.931696 -12.6067 3.08977 -0.0929042 0.152272 0.983962
0.98511 -12.6141 3.09828 0.396586 -0.146246 -0.906273
0.985106 -12.6143 3.09831 0.396586 -0.146246 -0.906273
0.98285 -12.614 3.09727 0.469694 -0.142304 -0.871285
0.985106 -12.6143 3.09831 0.396586 -0.146246 -0.906273
0.982845 -12.6143 3.09732 0.469694 -0.142304 -0.871285
0.98285 -12.614 3.09727 0.469694 -0.142304 -0.871285
0.98285 -12.614 3.09727 0.469694 -0.142304 -0.871285
0.982845 -12.6143 3.09732 0.469694 -0.142304 -0.871285
0.978642 -12.6139 3.094 0.717142 -0.118848 -0.686718
0.982845 -12.6143 3.09732 0.469694 -0.142304 -0.871285
0.978631 -12.6144 3.09409 0.717142 -0.118848 -0.686718
0.978642 -12.6139 3.094 0.717142 -0.118848 -0.686718
0.978642 -12.6139 3.094 0.717142 -0.118848 -0.686718
0.978631 -12.6144 3.09409 0.717142 -0.118848 -0.686718
0.9749 -12.6141 3.08885 0.77508 -0.110098 -0.622198
0.978631 -12.6144 3.09409 0.717142 -0.118848 -0.686718
0.974884 -12.6149 3.08897 0.77508 -0.110098 -0.622198
0.9749 -12.6141 3.08885 0.77508 -0.110098 -0.622198
0.978642 -12.6139 3.094 0.187262 0.969523 -0.157981
0.9749 -12.6141 3.08885 0.194641 0.970356 -0.143265
0.930354 -12.6091 3.06476 0.198943 0.971286 -0.13048
0.9749 -12.6141 3.08885 0.194641 0.970356 -0.143265
0.930437 -12.6113 3.04413 0.203049 0.971433 -0.122838
0.930354 -12.6091 3.06476 0.198943 0.971286 -0.13048
0.930437 -12.6113 3.04413 0.203049 0.971433 -0.122838
0.887352 -12.6072 2.99369 0.198974 0.974349 -0.105131
0.930354 -12.6091 3.06476 0.198943 0.971286 -0.13048
0.887352 -12.6072 2.99369 0.198974 0.974349 -0.105131
0.882687 -12.6021 3.03282 0.200318 0.9741 -0.104894
0.930354 -12.6091 3.06476 0.198943 0.971286 -0.13048
0.887352 -12.6072 2.99369 0.198974 0.974349 -0.105131
0.842336 -12.6034 2.95116 0.131121 0.983813 -0.122143
0.882687 -12.6021 3.03282 0.200318 0.9741 -0.104894
0.842336 -12.6034 2.95116 0.131121 0.983813 -0.122143
0.833863 -12.5956 3.00563 0.137697 0.9831 -0.120639
0.882687 -12.6021 3.03282 0.200318 0.9741 -0.104894
0.842336 -12.6034 2.95116 0.131121 0.983813 -0.122143
0.791572 -12.6023 2.9323 0.0471714 0.988507 -0.143627
0.833863 -12.5956 3.00563 0.137697 0.9831 -0.120639
0.791572 -12.6023 2.9323 0.0471714 0.988507 -0.143627
0.78213 -12.5932 2.99064 0.0519636 0.988407 -0.142659
0.833863 -12.5956 3.00563 0.137697 0.9831 -0.120639
0.791572 -12.6023 2.9323 0.0471714 0.988507 -0.143627
0.738315 -12.6026 2.92373 0.019054 0.988327 -0.151149
0.78213 -12.5932 2.99064 0.0519636 0.988407 -0.142659
0.738315 -12.6026 2.92373 0.019054 0.988327 -0.151149
0.728873 -12.5935 2.98206 0.019054 0.988327 -0.151149
0.78213 -12.5932 2.99064 0.0519636 0.988407 -0.142659
0.98285 -12.614 3.09727 0.171904 0.967382 -0.186066
0.978642 -12.6139 3.094 0.187262 0.969523 -0.157981
0.931057 -12.6073 3.08221 0.19046 0.970917 -0.145067
0.978642 -12.6139 3.094 0.187262 0.969523 -0.157981
0.930354 -12.6091 3.06476 0.198943 0.971286 -0.13048
0.931057 -12.6073 3.08221 0.19046 0.970917 -0.145067
0.930354 -12.6091 3.06476 0.198943 0.971286 -0.13048
0.882687 -12.6021 3.03282 0.200318 0.9741 -0.104894
0.931057 -12.6073 3.08221 0.19046 0.970917 -0.145067
0.882687 -12.6021 3.03282 0.200318 0.9741 -0.104894
0.878846 -12.5976 3.06861 0.201586 0.973852 -0.104759
0.931057 -12.6073 3.08221 0.19046 0.970917 -0.145067
0.882687 -12.6021 3.03282 0.200318 0.9741 -0.104894
0.833863 -12.5956 3.00563 0.137697 0.9831 -0.120639
0.878846 -12.5976 3.06861 0.201586 0.973852 -0.104759
0.833863 -12.5956 3.00563 0.137697 0.9831 -0.120639
0.825972 -12.5882 3.05776 0.146482 0.982071 -0.118659
0.878846 -12.5976 3.06861 0.201586 0.973852 -0.104759
0.833863 -12.5956 3.00563 0.137697 0.9831 -0.120639
0.78213 -12.5932 2.99064 0.0519636 0.988407 -0.142659
0.825972 -12.5882 3.05776 0.146482 0.982071 -0.118659
0.78213 -12.5932 2.99064 0.0519636 0.988407 -0.142659
0.772688 -12.5841 3.04897 0.0586057 0.988226 -0.141332
0.825972 -12.5882 3.05776 0.146482 0.982071 -0.118659
0.78213 -12.5932 2.99064 0.0519636 0.988407 -0.142659
0.728873 -12.5935 2.98206 0.019054 0.988327 -0.151149
0.772688 -12.5841 3.04897 0.0586057 0.988226 -0.141332
0.728873 -12.5935 2.98206 0.019054 0.988327 -0.151149
0.719431 -12.5844 3.04039 0.019054 0.988327 -0.151149
0.772688 -12.5841 3.04897 0.0586057 0.988226 -0.141332
0.931057 -12.6073 3.08221 0.19046 0.970917 -0.145067
0.931696 -12.6067 3.08977 0.187752 0.970774 -0.149486
0.98285 -12.614 3.09727 0.171904 0.967382 -0.186066
0.931696 -12.6067 3.08977 0.187752 0.970774 -0.149486
0.98511 -12.6141 3.09828 0.166961 0.966577 -0.19456
0.98285 -12.614 3.09727 0.171904 0.967382 -0.186066
0.878846 -12.5976 3.06861 0.201586 0.973852 -0.104759
0.877239 -12.5955 3.08525 0.201822 0.973804 -0.104754
0.931057 -12.6073 3.08221 0.19046 0.970917 -0.145067
0.877239 -12.5955 3.08525 0.201822 0.973804 -0.104754
0.931696 -12.6067 3.08977 0.187752 0.970774 -0.149486
0.931057 -12.6073 3.08221 0.19046 0.970917 -0.145067
0.825972 -12.5882 3.05776 0.146482 0.982071 -0.118659
0.822261 -12.5847 3.08288 0.148675 0.9818 -0.118168
0.878846 -12.5976 3.06861 0.201586 0.973852 -0.104759
0.822261 -12.5847 3.08288 0.148675 0.9818 -0.118168
0.877239 -12.5955 3.08525 0.201822 0.973804 -0.104754
0.878846 -12.5976 3.06861 0.201586 0.973852 -0.104759
0.772688 -12.5841 3.04897 0.0586057 0.988226 -0.141332
0.767967 -12.5796 3.07814 0.0602987 0.988172 -0.140996
0.825972 -12.5882 3.05776 0.146482 0.982071 -0.118659
0.767967 -12.5796 3.07814 0.0602987 0.988172 -0.140996
0.822261 -12.5847 3.08288 0.148675 0.9818 -0.118168
0.825972 -12.5882 3.05776 0.146482 0.982071 -0.118659
0.719431 -12.5844 3.04039 0.019054 0.988327 -0.151149
0.71471 -12.5798 3.06956 0.019054 0.988327 -0.151149
0.772688 -12.5841 3.04897 0.0586057 0.988226 -0.141332
0.71471 -12.5798 3.06956 0.019054 0.988327 -0.151149
0.767967 -12.5796 3.07814 0.0602987 0.988172 -0.140996
0.772688 -12.5841 3.04897 0.0586057 0.988226 -0.141332
0.93162 -12.6106 3.09037 -0.114196 -0.978645 0.17092
0.930978 -12.6115 3.08284 -0.115594 -0.979434 0.165369
0.985106 -12.6143 3.09831 -0.111601 -0.970482 0.213797
0.930978 -12.6115 3.08284 -0.115594 -0.979434 0.165369
0.982845 -12.6143 3.09732 -0.114168 -0.972516 0.202926
0.985106 -12.6143 3.09831 -0.111601 -0.970482 0.213797
0.877063 -12.6046 3.08664 -0.113025 -0.985309 0.128032
0.878666 -12.6069 3.07004 -0.112892 -0.985324 0.12803
0.93162 -12.6106 3.09037 -0.114196 -0.978645 0.17092
0.878666 -12.6069 3.07004 -0.112892 -0.985324 0.12803
0.930978 -12.6115 3.08284 -0.115594 -0.979434 0.165369
0.93162 -12.6106 3.09037 -0.114196 -0.978645 0.17092
0.821991 -12.5987 3.08502 -0.0850955 -0.987233 0.134644
0.825699 -12.6024 3.05992 -0.0839726 -0.987297 0.134886
0.877063 -12.6046 3.08664 -0.113025 -0.985309 0.128032
0.825699 -12.6024 3.05992 -0.0839726 -0.987297 0.134886
0.878666 -12.6069 3.07004 -0.112892 -0.985324 0.12803
0.877063 -12.6046 3.08664 -0.113025 -0.985309 0.128032
0.767652 -12.5959 3.08063 -0.0398666 -0.988476 0.146036
0.772373 -12.6004 3.05146 -0.0390148 -0.988485 0.146204
0.821991 -12.5987 3.08502 -0.0850955 -0.987233 0.134644
0.772373 -12.6004 3.05146 -0.0390148 -0.988485 0.146204
0.825699 -12.6024 3.05992 -0.0839726 -0.987297 0.134886
0.821991 -12.5987 3.08502 -0.0850955 -0.987233 0.134644
0.714395 -12.5961 3.07205 -0.019054 -0.988327 0.151149
0.719116 -12.6007 3.04289 -0.019054 -0.988327 0.151149
0.767652 -12.5959 3.08063 -0.0398666 -0.988476 0.146036
0.719116 -12.6007 3.04289 -0.019054 -0.988327 0.151149
0.772373 -12.6004 3.05146 -0.0390148 -0.988485 0.146204
0.767652 -12.5959 3.08063 -0.0398666 -0.988476 0.146036
0.978631 -12.6144 3.09409 -0.12026 -0.978021 0.17033
0.982845 -12.6143 3.09732 -0.114168 -0.972516 0.202926
0.930266 -12.6137 3.06546 -0.119038 -0.981685 0.148743
0.982845 -12.6143 3.09732 -0.114168 -0.972516 0.202926
0.930978 -12.6115 3.08284 -0.115594 -0.979434 0.165369
0.930266 -12.6137 3.06546 -0.119038 -0.981685 0.148743
0.930978 -12.6115 3.08284 -0.115594 -0.979434 0.165369
0.878666 -12.6069 3.07004 -0.112892 -0.985324 0.12803
0.930266 -12.6137 3.06546 -0.119038 -0.981685 0.148743
0.878666 -12.6069 3.07004 -0.112892 -0.985324 0.12803
0.882497 -12.612 3.03432 -0.112185 -0.985398 0.128083
0.930266 -12.6137 3.06546 -0.119038 -0.981685 0.148743
0.878666 -12.6069 3.07004 -0.112892 -0.985324 0.12803
0.825699 -12.6024 3.05992 -0.0839726 -0.987297 0.134886
0.882497 -12.612 3.03432 -0.112185 -0.985398 0.128083
0.825699 -12.6024 3.05992 -0.0839726 -0.987297 0.134886
0.833583 -12.6101 3.00785 -0.0794787 -0.987534 0.135864
0.882497 -12.612 3.03432 -0.112185 -0.985398 0.128083
0.825699 -12.6024 3.05992 -0.0839726 -0.987297 0.134886
0.772373 -12.6004 3.05146 -0.0390148 -0.988485 0.146204
0.833583 -12.6101 3.00785 -0.0794787 -0.987534 0.135864
0.772373 -12.6004 3.05146 -0.0390148 -0.988485 0.146204
0.781815 -12.6095 2.99313 -0.035675 -0.988513 0.146868
0.833583 -12.6101 3.00785 -0.0794787 -0.987534 0.135864
0.772373 -12.6004 3.05146 -0.0390148 -0.988485 0.146204
0.719116 -12.6007 3.04289 -0.019054 -0.988327 0.151149
0.781815 -12.6095 2.99313 -0.035675 -0.988513 0.146868
0.719116 -12.6007 3.04289 -0.019054 -0.988327 0.151149
0.728559 -12.6098 2.98455 -0.019054 -0.988327 0.151149
0.781815 -12.6095 2.99313 -0.035675 -0.988513 0.146868
0.974884 -12.6149 3.08897 -0.12174 -0.980223 0.156022
0.978631 -12.6144 3.09409 -0.12026 -0.978021 0.17033
0.93034 -12.6163 3.0449 -0.119979 -0.98265 0.141434
0.978631 -12.6144 3.09409 -0.12026 -0.978021 0.17033
0.930266 -12.6137 3.06546 -0.119038 -0.981685 0.148743
0.93034 -12.6163 3.0449 -0.119979 -0.98265 0.141434
0.930266 -12.6137 3.06546 -0.119038 -0.981685 0.148743
0.882497 -12.612 3.03432 -0.112185 -0.985398 0.128083
0.93034 -12.6163 3.0449 -0.119979 -0.98265 0.141434
0.882497 -12.612 3.03432 -0.112185 -0.985398 0.128083
0.887154 -12.6175 2.99527 -0.111447 -0.985467 0.128195
0.93034 -12.6163 3.0449 -0.119979 -0.98265 0.141434
0.882497 -12.612 3.03432 -0.112185 -0.985398 0.128083
0.833583 -12.6101 3.00785 -0.0794787 -0.987534 0.135864
0.887154 -12.6175 2.99527 -0.111447 -0.985467 0.128195
0.833583 -12.6101 3.00785 -0.0794787 -0.987534 0.135864
0.842049 -12.6183 2.95343 -0.0761186 -0.987697 0.136607
0.887154 -12.6175 2.99527 -0.111447 -0.985467 0.128195
0.833583 -12.6101 3.00785 -0.0794787 -0.987534 0.135864
0.781815 -12.6095 2.99313 -0.035675 -0.988513 0.146868
0.842049 -12.6183 2.95343 -0.0761186 -0.987697 0.136607
0.781815 -12.6095 2.99313 -0.035675 -0.988513 0.146868
0.791258 -12.6186 2.93479 -0.0332667 -0.988524 0.147353
0.842049 -12.6183 2.95343 -0.0761186 -0.987697 0.136607
0.781815 -12.6095 2.99313 -0.035675 -0.988513 0.146868
0.728559 -12.6098 2.98455 -0.019054 -0.988327 0.151149
0.791258 -12.6186 2.93479 -0.0332667 -0.988524 0.147353
0.728559 -12.6098 2.98455 -0.019054 -0.988327 0.151149
0.738001 -12.6189 2.92622 -0.019054 -0.988327 0.151149
0.791258 -12.6186 2.93479 -0.0332667 -0.988524 0.147353
0.439291 -12.6146 3.09484 -0.753255 0.325194 -0.571713
0.483492 -12.6105 3.04882 -0.64769 0.559401 -0.51727
0.439264 -12.6154 3.09498 -0.786968 -0.0788782 -0.611931
0.483492 -12.6105 3.04882 -0.64769 0.559401 -0.51727
0.48332 -12.6155 3.04969 -0.738993 -0.0901764 -0.667651
0.439264 -12.6154 3.09498 -0.786968 -0.0788782 -0.611931
0.483492 -12.6105 3.04882 -0.64769 0.559401 -0.51727
0.526365 -12.6039 2.99685 -0.727641 -0.0926484 -0.679672
0.48332 -12.6155 3.04969 -0.738993 -0.0901764 -0.667651
0.526365 -12.6039 2.99685 -0.727641 -0.0926484 -0.679672
0.526012 -12.6142 2.99863 -0.727641 -0.0926484 -0.679672
0.48332 -12.6155 3.04969 -0.738993 -0.0901764 -0.667651
0.526365 -12.6039 2.99685 -0.727641 -0.0926484 -0.679672
0.571214 -12.5983 2.95291 -0.535141 -0.126214 -0.835281
0.526012 -12.6142 2.99863 -0.727641 -0.0926484 -0.679672
0.571214 -12.5983 2.95291 -0.535141 -0.126214 -0.835281
0.570705 -12.6131 2.95548 -0.535141 -0.126214 -0.835281
0.526012 -12.6142 2.99863 -0.727641 -0.0926484 -0.679672
0.571214 -12.5983 2.95291 -0.535141 -0.126214 -0.835281
0.6218 -12.5988 2.93324 -0.269651 -0.155273 -0.950357
0.570705 -12.6131 2.95548 -0.535141 -0.126214 -0.835281
0.6218 -12.5988 2.93324 -0.269651 -0.155273 -0.950357
0.621241 -12.6151 2.93605 -0.269651 -0.155273 -0.950357
0.570705 -12.6131 2.95548 -0.535141 -0.126214 -0.835281
0.6218 -12.5988 2.93324 -0.269651 -0.155273 -0.950357
0.674859 -12.6022 2.92413 -0.177121 -0.16199 -0.970766
0.621241 -12.6151 2.93605 -0.269651 -0.155273 -0.950357
0.674859 -12.6022 2.92413 -0.177121 -0.16199 -0.970766
0.6743 -12.6185 2.92694 -0.177121 -0.16199 -0.970766
0.621241 -12.6151 2.93605 -0.269651 -0.155273 -0.950357
0.6743 -12.6185 2.92694 0.983606 -0.0630909 -0.168936
0.674859 -12.6022 2.92413 0.983606 -0.0630909 -0.168936
0.68489 -12.6088 2.98498 0.983606 -0.0630909 -0.168936
0.674859 -12.6022 2.92413 0.983606 -0.0630909 -0.168936
0.685449 -12.5925 2.98217 0.983606 -0.0630909 -0.168936
0.68489 -12.6088 2.98498 0.983606 -0.0630909 -0.168936
0.685449 -12.5925 2.98217 0.983606 -0.0630909 -0.168936
0.696039 -12.5829 3.04021 0.983606 -0.0630909 -0.168936
0.68489 -12.6088 2.98498 0.983606 -0.0630909 -0.168936
0.696039 -12.5829 3.04021 0.983606 -0.0630909 -0.168936
0.69548 -12.5991 3.04302 0.983606 -0.0630909 -0.168936
0.68489 -12.6088 2.98498 0.983606 -0.0630909 -0.168936
0.696039 -12.5829 3.04021 0.983606 -0.0630909 -0.168936
0.701334 -12.578 3.06923 0.983606 -0.0630909 -0.168936
0.69548 -12.5991 3.04302 0.983606 -0.0630909 -0.168936
0.701334 -12.578 3.06923 0.983606 -0.0630909 -0.168936
0.700775 -12.5943 3.07204 0.983606 -0.0630909 -0.168936
0.69548 -12.5991 3.04302 0.983606 -0.0630909 -0.168936
0.700775 -12.5943 3.07204 0.177121 0.16199 0.970766
0.701334 -12.578 3.06923 0.177121 0.16199 0.970766
0.647716 -12.5908 3.08115 0.134271 0.164576 0.977183
0.701334 -12.578 3.06923 0.177121 0.16199 0.970766
0.648275 -12.5746 3.07834 0.134271 0.164576 0.977183
0.647716 -12.5908 3.08115 0.134271 0.164576 0.977183
0.648275 -12.5746 3.07834 0.134271 0.164576 0.977183
0.593748 -12.5792 3.08419 0.0617881 0.168217 0.983812
0.647716 -12.5908 3.08115 0.134271 0.164576 0.977183
0.593748 -12.5792 3.08419 0.0617881 0.168217 0.983812
0.593269 -12.5931 3.0866 0.0617881 0.168217 0.983812
0.647716 -12.5908 3.08115 0.134271 0.164576 0.977183
0.593748 -12.5792 3.08419 0.0617881 0.168217 0.983812
0.5381 -12.5924 3.08828 0.0513841 0.168665 0.984333
0.593269 -12.5931 3.0866 0.0617881 0.168217 0.983812
0.5381 -12.5924 3.08828 0.0513841 0.168665 0.984333
0.537787 -12.6014 3.08985 0.051384 0.168665 0.984333
0.593269 -12.5931 3.0866 0.0617881 0.168217 0.983812
0.5381 -12.5924 3.08828 0.0513841 0.168665 0.984333
0.482965 -12.6062 3.09458 0.112302 0.165776 0.979748
0.537787 -12.6014 3.08985 0.051384 0.168665 0.984333
0.482965 -12.6062 3.09458 0.112302 0.165776 0.979748
0.482831 -12.6101 3.09526 0.112301 0.165776 0.979748
0.537787 -12.6014 3.08985 0.051384 0.168665 0.984333
0.482965 -12.6062 3.09458 0.112302 0.165776 0.979748
0.429179 -12.6146 3.1045 0.154011 0.163425 0.97446
0.482831 -12.6101 3.09526 0.112301 0.165776 0.979748
0.429179 -12.6146 3.1045 0.154011 0.163425 0.97446
0.429172 -12.6148 3.10453 0.154009 0.163425 0.974461
0.482831 -12.6101 3.09526 0.112301 0.165776 0.979748
0.429172 -12.6148 3.10453 -0.414289 -0.141421 -0.899091
0.429179 -12.6146 3.1045 -0.409903 0.485325 -0.772295
0.431423 -12.6148 3.1035 -0.486666 -0.132758 -0.863442
0.429179 -12.6146 3.1045 -0.409903 0.485325 -0.772295
0.431434 -12.6145 3.10345 -0.461512 0.498035 -0.734144
0.431423 -12.6148 3.1035 -0.486666 -0.132758 -0.863442
0.431434 -12.6145 3.10345 -0.461512 0.498035 -0.734144
0.435613 -12.6145 3.10009 -0.628028 0.537194 -0.563031
0.431423 -12.6148 3.1035 -0.486666 -0.132758 -0.863442
0.435613 -12.6145 3.10009 -0.628028 0.537194 -0.563031
0.435594 -12.615 3.10018 -0.730337 -0.0920678 -0.676854
0.431423 -12.6148 3.1035 -0.486666 -0.132758 -0.863442
0.435613 -12.6145 3.10009 -0.628028 0.537194 -0.563031
0.439291 -12.6146 3.09484 -0.753255 0.325194 -0.571713
0.435594 -12.615 3.10018 -0.730337 -0.0920678 -0.676854
0.439291 -12.6146 3.09484 -0.753255 0.325194 -0.571713
0.439264 -12.6154 3.09498 -0.786968 -0.0788782 -0.611931
0.435594 -12.615 3.10018 -0.730337 -0.0920678 -0.676854
0.435594 -12.615 3.10018 0.144823 -0.973799 0.175335
0.439264 -12.6154 3.09498 0.152357 -0.975334 0.15972
0.483756 -12.613 3.07027 0.156677 -0.97677 0.146193
0.439264 -12.6154 3.09498 0.152357 -0.975334 0.15972
0.48332 -12.6155 3.04969 0.16089 -0.977267 0.138074
0.483756 -12.613 3.07027 0.156677 -0.97677 0.146193
0.48332 -12.6155 3.04969 0.16089 -0.977267 0.138074
0.526012 -12.6142 2.99863 0.156218 -0.980469 0.119483
0.483756 -12.613 3.07027 0.156677 -0.97677 0.146193
0.526012 -12.6142 2.99863 0.156218 -0.980469 0.119483
0.531392 -12.6087 3.0376 0.157644 -0.980274 0.11921
0.483756 -12.613 3.07027 0.156677 -0.97677 0.146193
0.526012 -12.6142 2.99863 0.156218 -0.980469 0.119483
0.570705 -12.6131 2.95548 0.0843745 -0.986767 0.138464
0.531392 -12.6087 3.0376 0.157644 -0.980274 0.11921
0.570705 -12.6131 2.95548 0.0843745 -0.986767 0.138464
0.58021 -12.6048 3.0097 0.0913366 -0.986381 0.136783
0.531392 -12.6087 3.0376 0.157644 -0.980274 0.11921
0.570705 -12.6131 2.95548 0.0843745 -0.986767 0.138464
0.621241 -12.6151 2.93605 -0.00426155 -0.986742 0.162244
0.58021 -12.6048 3.0097 0.0913366 -0.986381 0.136783
0.621241 -12.6151 2.93605 -0.00426155 -0.986742 0.162244
0.631831 -12.6054 2.99409 0.000796159 -0.986927 0.161164
0.58021 -12.6048 3.0097 0.0913366 -0.986381 0.136783
0.621241 -12.6151 2.93605 -0.00426155 -0.986742 0.162244
0.6743 -12.6185 2.92694 -0.0338805 -0.984773 0.170509
0.631831 -12.6054 2.99409 0.000796159 -0.986927 0.161164
0.6743 -12.6185 2.92694 -0.0338805 -0.984773 0.170509
0.68489 -12.6088 2.98498 -0.0338805 -0.984773 0.170509
0.631831 -12.6054 2.99409 0.000796159 -0.986927 0.161164
0.431423 -12.6148 3.1035 0.129112 -0.97018 0.205135
0.435594 -12.615 3.10018 0.144823 -0.973799 0.175335
0.483346 -12.6109 3.08769 0.147953 -0.975686 0.161699
0.435594 -12.615 3.10018 0.144823 -0.973799 0.175335
0.483756 -12.613 3.07027 0.156677 -0.97677 0.146193
0.483346 -12.6109 3.08769 0.147953 -0.975686 0.161699
0.483756 -12.613 3.07027 0.156677 -0.97677 0.146193
0.531392 -12.6087 3.0376 0.157644 -0.980274 0.11921
0.483346 -12.6109 3.08769 0.147953 -0.975686 0.161699
0.531392 -12.6087 3.0376 0.157644 -0.980274 0.11921
0.535881 -12.6037 3.07327 0.158991 -0.980076 0.119048
0.483346 -12.6109 3.08769 0.147953 -0.975686 0.161699
0.531392 -12.6087 3.0376 0.157644 -0.980274 0.11921
0.58021 -12.6048 3.0097 0.0913366 -0.986381 0.136783
0.535881 -12.6037 3.07327 0.158991 -0.980076 0.119048
0.58021 -12.6048 3.0097 0.0913366 -0.986381 0.136783
0.589085 -12.5969 3.06159 0.10064 -0.985781 0.134564
0.535881 -12.6037 3.07327 0.158991 -0.980076 0.119048
0.58021 -12.6048 3.0097 0.0913366 -0.986381 0.136783
0.631831 -12.6054 2.99409 0.000796159 -0.986927 0.161164
0.589085 -12.5969 3.06159 0.10064 -0.985781 0.134564
0.631831 -12.6054 2.99409 0.000796159 -0.986927 0.161164
0.642421 -12.5957 3.05213 0.00780745 -0.987138 0.159682
0.589085 -12.5969 3.06159 0.10064 -0.985781 0.134564
0.631831 -12.6054 2.99409 0.000796159 -0.986927 0.161164
0.68489 -12.6088 2.98498 -0.0338805 -0.984773 0.170509
0.642421 -12.5957 3.05213 0.00780745 -0.987138 0.159682
0.68489 -12.6088 2.98498 -0.0338805 -0.984773 0.170509
0.69548 -12.5991 3.04302 -0.0338805 -0.984773 0.170509
0.642421 -12.5957 3.05213 0.00780745 -0.987138 0.159682
0.483346 -12.6109 3.08769 0.147953 -0.975686 0.161699
0.482831 -12.6101 3.09526 0.145167 -0.975315 0.166396
0.431423 -12.6148 3.1035 0.129112 -0.97018 0.205135
0.482831 -12.6101 3.09526 0.145167 -0.975315 0.166396
0.429172 -12.6148 3.10453 0.124052 -0.968892 0.214146
0.431423 -12.6148 3.1035 0.129112 -0.97018 0.205135
0.535881 -12.6037 3.07327 0.158991 -0.980076 0.119048
0.537787 -12.6014 3.08985 0.159242 -0.980037 0.119039
0.483346 -12.6109 3.08769 0.147953 -0.975686 0.161699
0.537787 -12.6014 3.08985 0.159242 -0.980037 0.119039
0.482831 -12.6101 3.09526 0.145167 -0.975315 0.166396
0.483346 -12.6109 3.08769 0.147953 -0.975686 0.161699
0.589085 -12.5969 3.06159 0.10064 -0.985781 0.134564
0.593269 -12.5931 3.0866 0.102962 -0.985616 0.134014
0.535881 -12.6037 3.07327 0.158991 -0.980076 0.119048
0.593269 -12.5931 3.0866 0.102962 -0.985616 0.134014
0.537787 -12.6014 3.08985 0.159242 -0.980037 0.119039
0.535881 -12.6037 3.07327 0.158991 -0.980076 0.119048
0.642421 -12.5957 3.05213 0.00780745 -0.987138 0.159682
0.647716 -12.5908 3.08115 0.0095948 -0.987183 0.159306
0.589085 -12.5969 3.06159 0.10064 -0.985781 0.134564
0.647716 -12.5908 3.08115 0.0095948 -0.987183 0.159306
0.593269 -12.5931 3.0866 0.102962 -0.985616 0.134014
0.589085 -12.5969 3.06159 0.10064 -0.985781 0.134564
0.69548 -12.5991 3.04302 -0.0338805 -0.984773 0.170509
0.700775 -12.5943 3.07204 -0.0338805 -0.984773 0.170509
0.642421 -12.5957 3.05213 0.00780745 -0.987138 0.159682
0.700775 -12.5943 3.07204 -0.0338805 -0.984773 0.170509
0.647716 -12.5908 3.08115 0.0095948 -0.987183 0.159306
0.642421 -12.5957 3.05213 0.00780745 -0.987138 0.159682
0.482965 -12.6062 3.09458 -0.247414 0.94518 -0.213121
0.483487 -12.6068 3.08698 -0.251291 0.947343 -0.198478
0.429179 -12.6146 3.1045 -0.409903 0.485325 -0.772295
0.483487 -12.6068 3.08698 -0.251291 0.947343 -0.198478
0.431434 -12.6145 3.10345 -0.461512 0.498035 -0.734144
0.429179 -12.6146 3.1045 -0.409903 0.485325 -0.772295
0.5381 -12.5924 3.08828 -0.243474 0.965282 -0.0946079
0.536201 -12.5944 3.07166 -0.243095 0.965377 -0.0946137
0.482965 -12.6062 3.09458 -0.247414 0.94518 -0.213121
0.536201 -12.5944 3.07166 -0.243095 0.965377 -0.0946137
0.483487 -12.6068 3.08698 -0.251291 0.947343 -0.198478
0.482965 -12.6062 3.09458 -0.247414 0.94518 -0.213121
0.593748 -12.5792 3.08419 -0.163389 0.979636 -0.116693
0.58957 -12.5828 3.05915 -0.160091 0.980083 -0.117512
0.5381 -12.5924 3.08828 -0.243474 0.965282 -0.0946079
0.58957 -12.5828 3.05915 -0.160091 0.980083 -0.117512
0.536201 -12.5944 3.07166 -0.243095 0.965377 -0.0946137
0.5381 -12.5924 3.08828 -0.243474 0.965282 -0.0946079
0.648275 -12.5746 3.07834 -0.0292462 0.987629 -0.154057
0.64298 -12.5795 3.04932 -0.0266821 0.987615 -0.154609
0.593748 -12.5792 3.08419 -0.163389 0.979636 -0.116693
0.64298 -12.5795 3.04932 -0.0266821 0.987615 -0.154609
0.58957 -12.5828 3.05915 -0.160091 0.980083 -0.117512
0.593748 -12.5792 3.08419 -0.163389 0.979636 -0.116693
0.701334 -12.578 3.06923 0.0338805 0.984773 -0.170509
0.696039 -12.5829 3.04021 0.0338805 0.984773 -0.170509
0.648275 -12.5746 3.07834 -0.0292462 0.987629 -0.154057
0.696039 -12.5829 3.04021 0.0338805 0.984773 -0.170509
0.64298 -12.5795 3.04932 -0.0266821 0.987615 -0.154609
0.648275 -12.5746 3.07834 -0.0292462 0.987629 -0.154057
0.435613 -12.6145 3.10009 -0.628028 0.537194 -0.563031
0.431434 -12.6145 3.10345 -0.461512 0.498035 -0.734144
0.483913 -12.6084 3.06948 -0.260574 0.953224 -0.153182
0.431434 -12.6145 3.10345 -0.461512 0.498035 -0.734144
0.483487 -12.6068 3.08698 -0.251291 0.947343 -0.198478
0.483913 -12.6084 3.06948 -0.260574 0.953224 -0.153182
0.483487 -12.6068 3.08698 -0.251291 0.947343 -0.198478
0.536201 -12.5944 3.07166 -0.243095 0.965377 -0.0946137
0.483913 -12.6084 3.06948 -0.260574 0.953224 -0.153182
0.536201 -12.5944 3.07166 -0.243095 0.965377 -0.0946137
0.531729 -12.5989 3.03591 -0.241102 0.965856 -0.0948313
0.483913 -12.6084 3.06948 -0.260574 0.953224 -0.153182
0.536201 -12.5944 3.07166 -0.243095 0.965377 -0.0946137
0.58957 -12.5828 3.05915 -0.160091 0.980083 -0.117512
0.531729 -12.5989 3.03591 -0.241102 0.965856 -0.0948313
0.58957 -12.5828 3.05915 -0.160091 0.980083 -0.117512
0.580708 -12.5904 3.0072 -0.146855 0.981752 -0.120813
0.531729 -12.5989 3.03591 -0.241102 0.965856 -0.0948313
0.58957 -12.5828 3.05915 -0.160091 0.980083 -0.117512
0.64298 -12.5795 3.04932 -0.0266821 0.987615 -0.154609
0.580708 -12.5904 3.0072 -0.146855 0.981752 -0.120813
0.64298 -12.5795 3.04932 -0.0266821 0.987615 -0.154609
0.63239 -12.5891 2.99128 -0.0166081 0.987493 -0.156784
0.580708 -12.5904 3.0072 -0.146855 0.981752 -0.120813
0.64298 -12.5795 3.04932 -0.0266821 0.987615 -0.154609
0.696039 -12.5829 3.04021 0.0338805 0.984773 -0.170509
0.63239 -12.5891 2.99128 -0.0166081 0.987493 -0.156784
0.696039 -12.5829 3.04021 0.0338805 0.984773 -0.170509
0.685449 -12.5925 2.98217 0.0338805 0.984773 -0.170509
0.63239 -12.5891 2.99128 -0.0166081 0.987493 -0.156784
0.439291 -12.6146 3.09484 -0.753255 0.325194 -0.571713
0.435613 -12.6145 3.10009 -0.628028 0.537194 -0.563031
0.483492 -12.6105 3.04882 -0.64769 0.559401 -0.51727
0.435613 -12.6145 3.10009 -0.628028 0.537194 -0.563031
0.483913 -12.6084 3.06948 -0.260574 0.953224 -0.153182
0.483492 -12.6105 3.04882 -0.64769 0.559401 -0.51727
0.483913 -12.6084 3.06948 -0.260574 0.953224 -0.153182
0.531729 -12.5989 3.03591 -0.241102 0.965856 -0.0948313
0.483492 -12.6105 3.04882 -0.64769 0.559401 -0.51727
0.531729 -12.5989 3.03591 -0.241102 0.965856 -0.0948313
0.526365 -12.6039 2.99685 -0.239025 0.966333 -0.0952254
0.483492 -12.6105 3.04882 -0.64769 0.559401 -0.51727
0.531729 -12.5989 3.03591 -0.241102 0.965856 -0.0948313
0.580708 -12.5904 3.0072 -0.146855 0.981752 -0.120813
0.526365 -12.6039 2.99685 -0.239025 0.966333 -0.0952254
0.580708 -12.5904 3.0072 -0.146855 0.981752 -0.120813
0.571214 -12.5983 2.95291 -0.136928 0.982876 -0.123313
0.526365 -12.6039 2.99685 -0.239025 0.966333 -0.0952254
0.580708 -12.5904 3.0072 -0.146855 0.981752 -0.120813
0.63239 -12.5891 2.99128 -0.0166081 0.987493 -0.156784
0.571214 -12.5983 2.95291 -0.136928 0.982876 -0.123313
0.63239 -12.5891 2.99128 -0.0166081 0.987493 -0.156784
0.6218 -12.5988 2.93324 -0.00932089 0.987336 -0.158369
0.571214 -12.5983 2.95291 -0.136928 0.982876 -0.123313
0.63239 -12.5891 2.99128 -0.0166081 0.987493 -0.156784
0.685449 -12.5925 2.98217 0.0338805 0.984773 -0.170509
0.6218 -12.5988 2.93324 -0.00932089 0.987336 -0.158369
0.685449 -12.5925 2.98217 0.0338805 0.984773 -0.170509
0.674859 -12.6022 2.92413 0.0338805 0.984773 -0.170509
0.6218 -12.5988 2.93324 -0.00932089 0.987336 -0.158369
