-4.26833 -6.83333 116.5 0 -0.737155 0.675724
-11.865 -6.83333 116.5 0 -0.737155 0.675724
-4.26833 -10.5 112.5 0 -0.737155 0.675724
-11.865 -6.83333 116.5 0 -0.737155 0.675724
-8.683 -8.12 114.9 0 -0.737155 0.675724
-4.26833 -10.5 112.5 0 -0.737155 0.675724
-24.5 7.83333 -91.9 -0.695385 -0.0682871 -0.715386
-6.83333 1.83333 -108.5 -0.695385 -0.0682871 -0.715386
-24.5 -6.83333 -90.5 -0.695385 -0.0682871 -0.715386
-6.83333 1.83333 -108.5 -0.695385 -0.0682871 -0.715386
-6.83333 -11.8333 -108.5 -0.695385 -0.0682871 -0.715386
-24.5 -6.83333 -90.5 -0.695385 -0.0682871 -0.715386
-11.865 -1.66667 116.5 -0.0236094 0.896763 0.441882
-4.26833 -1.46667 116.5 -0.0236094 0.896763 0.441882
-8.683 1.62 110 -0.0236094 0.896763 0.441882
-4.26833 -1.46667 116.5 -0.0236094 0.896763 0.441882
-4.26833 3 110 -0.0236094 0.896763 0.441882
-8.683 1.62 110 -0.0236094 0.896763 0.441882
-3.55333 -9.25833 -126.5 -0.9838 0 -0.17927
-6.83333 -11.8333 -108.5 -0.9838 0 -0.17927
-3.55333 -3.74167 -126.5 -0.9838 0 -0.17927
-6.83333 -11.8333 -108.5 -0.9838 0 -0.17927
-6.83333 1.83333 -108.5 -0.9838 0 -0.17927
-3.55333 -3.74167 -126.5 -0.9838 0 -0.17927
-6.83333 22 -91.9 -0.41553 0.578064 -0.702266
-6.83333 1.83333 -108.5 -0.41553 0.578064 -0.702266
-17.1 14.62 -91.9 -0.41553 0.578064 -0.702266
-17.1 14.62 -91.9 -0.481362 0.524864 -0.702003
-6.83333 1.83333 -108.5 -0.481362 0.524864 -0.702003
-24.5 7.83333 -91.9 -0.481362 0.524864 -0.702003
-24.5 -6.83333 -90.5 -0.554117 -0.763462 -0.331783
-6.83333 -11.8333 -108.5 -0.554117 -0.763462 -0.331783
-20.6 -10.62 -88.3 -0.554117 -0.763462 -0.331783
-6.83333 -17.5 -81.9 -0.364901 -0.910612 -0.19399
-20.6 -10.62 -88.3 -0.364901 -0.910612 -0.19399
-6.83333 -11.8333 -108.5 -0.364901 -0.910612 -0.19399
-20.6 -10.62 -55.3858 -0.44704 -0.894514 0
-20.6 -10.62 -88.3 -0.44704 -0.894514 0
-6.83333 -17.5 -50.844 -0.44704 -0.894514 0
-20.6 -10.62 -88.3 -0.44704 -0.894514 0
-6.83333 -17.5 -81.9 -0.44704 -0.894514 0
-6.83333 -17.5 -50.844 -0.44704 -0.894514 0
-24.5 9.8816 -51.4406 -1 0 0
-24.5 7.83333 -91.9 -1 0 0
-24.5 -6.83333 -56.947 -1 0 0
-24.5 7.83333 -91.9 -1 0 0
-24.5 -6.83333 -90.5 -1 0 0
-24.5 -6.83333 -56.947 -1 0 0
-17.1 25.6683 -48.4406 -0.89148 0.439094 -0.111626
-17.1 14.62 -91.9 -0.89148 0.439094 -0.111626
-24.5 9.8816 -51.4406 -0.89148 0.439094 -0.111626
-17.1 14.62 -91.9 -0.89148 0.439094 -0.111626
-24.5 7.83333 -91.9 -0.89148 0.439094 -0.111626
-24.5 9.8816 -51.4406 -0.89148 0.439094 -0.111626
-2.83333 33.0483 -48.4406 -0.451911 0.873612 -0.180496
-6.83333 22 -91.9 -0.451911 0.873612 -0.180496
-17.1 25.6683 -48.4406 -0.451911 0.873612 -0.180496
-6.83333 22 -91.9 -0.451911 0.873612 -0.180496
-17.1 14.62 -91.9 -0.451911 0.873612 -0.180496
-17.1 25.6683 -48.4406 -0.451911 0.873612 -0.180496
-17.1 -13.12 3.39893 -0.388221 -0.921426 -0.016072
-20.6 -10.62 -55.3858 -0.388221 -0.921426 -0.016072
-6.83333 -17.5 6.51664 -0.388221 -0.921426 -0.016072
-20.6 -10.62 -55.3858 -0.388221 -0.921426 -0.016072
-6.83333 -17.5 -50.844 -0.388221 -0.921426 -0.016072
-6.83333 -17.5 6.51664 -0.388221 -0.921426 -0.016072
-24.5 -6.83333 2.32722 -0.647449 -0.762109 0
-24.5 -6.83333 -56.947 -0.647449 -0.762109 0
-17.1 -13.12 3.39893 -0.647449 -0.762109 0
-24.5 -6.83333 -56.947 -0.647449 -0.762109 0
-20.6 -10.62 -55.3858 -0.647449 -0.762109 0
-17.1 -13.12 3.39893 -0.647449 -0.762109 0
-24.5 9.32002 1.64521 -1 0 0
-24.5 9.8816 -51.4406 -1 0 0
-24.5 -6.83333 2.32722 -1 0 0
-24.5 9.8816 -51.4406 -1 0 0
-24.5 -6.83333 -56.947 -1 0 0
-24.5 -6.83333 2.32722 -1 0 0
-17.1 25.1067 1.64521 -0.905449 0.424429 0.00475878
-17.1 25.6683 -48.4406 -0.905449 0.424429 0.00475878
-24.5 9.32002 1.64521 -0.905449 0.424429 0.00475878
-17.1 25.6683 -48.4406 -0.905449 0.424429 0.00475878
-24.5 9.8816 -51.4406 -0.905449 0.424429 0.00475878
-24.5 9.32002 1.64521 -0.905449 0.424429 0.00475878
-2.83333 32.4867 1.64521 -0.459434 0.888156 0.00995817
-2.83333 33.0483 -48.4406 -0.459434 0.888156 0.00995817
-17.1 25.1067 1.64521 -0.459434 0.888156 0.00995817
-2.83333 33.0483 -48.4406 -0.459434 0.888156 0.00995817
-17.1 25.6683 -48.4406 -0.459434 0.888156 0.00995817
-17.1 25.1067 1.64521 -0.459434 0.888156 0.00995817
-1.33333 59.5483 -1.70625 -0.998724 0.0503842 0.00348574
-2.83333 33.0483 -48.4406 -0.998724 0.0503842 0.00348574
-1.33333 58.9867 6.4109 -0.998724 0.0503842 0.00348574
-2.83333 33.0483 -48.4406 -0.998724 0.0503842 0.00348574
-2.83333 32.4867 1.64521 -0.998724 0.0503842 0.00348574
-1.33333 58.9867 6.4109 -0.998724 0.0503842 0.00348574
-38.865 -5.45267 143 -0.0395672 0.994028 0.101701
-4.26833 -3.19567 134.4 -0.0395672 0.994028 0.101701
-11.865 -1.66667 116.5 -0.0395672 0.994028 0.101701
-4.26833 -3.19567 134.4 -0.0395672 0.994028 0.101701
-4.26833 -1.46667 116.5 -0.0395672 0.994028 0.101701
-11.865 -1.66667 116.5 -0.0395672 0.994028 0.101701
-38.865 -5.45267 143 -0.700468 0 -0.713684
-11.865 -1.66667 116.5 -0.700468 0 -0.713684
-38.865 -8.60433 143 -0.700468 0 -0.713684
-11.865 -1.66667 116.5 -0.700468 0 -0.713684
-11.865 -6.83333 116.5 -0.700468 0 -0.713684
-38.865 -8.60433 143 -0.700468 0 -0.713684
-38.865 -8.60433 143 0.060284 -0.998167 -0.00528627
-11.865 -6.83333 116.5 0.060284 -0.998167 -0.00528627
-4.26833 -6.46933 134.4 0.060284 -0.998167 -0.00528627
-11.865 -6.83333 116.5 0.060284 -0.998167 -0.00528627
-4.26833 -6.83333 116.5 0.060284 -0.998167 -0.00528627
-4.26833 -6.46933 134.4 0.060284 -0.998167 -0.00528627
-4.26833 -3.19567 134.4 0.241237 0 0.970466
-38.865 -5.45267 143 0.241237 0 0.970466
-4.26833 -6.46933 134.4 0.241237 0 0.970466
-38.865 -5.45267 143 0.241237 0 0.970466
-38.865 -8.60433 143 0.241237 0 0.970466
-4.26833 -6.46933 134.4 0.241237 0 0.970466
-38.6 -29.12 -41.8858 0.130074 0.498764 0.856922
-20.6 -10.62 -55.3858 0.130074 0.498764 0.856922
-39 -26.3333 -43.447 0.130074 0.498764 0.856922
-20.6 -10.62 -55.3858 0.130074 0.498764 0.856922
-24.5 -6.83333 -56.947 0.130074 0.498764 0.856922
-39 -26.3333 -43.447 0.130074 0.498764 0.856922
-39 -26.3333 -43.447 -0.802462 0.596703 0
-24.5 -6.83333 -56.947 -0.802462 0.596703 0
-39 -26.3333 -55 -0.802462 0.596703 0
-24.5 -6.83333 -56.947 -0.802462 0.596703 0
-24.5 -6.83333 -90.5 -0.802462 0.596703 0
-39 -26.3333 -55 -0.802462 0.596703 0
-39 -26.3333 -55 -0.643174 -0.529219 -0.553403
-24.5 -6.83333 -90.5 -0.643174 -0.529219 -0.553403
-38.6 -29.12 -52.8 -0.643174 -0.529219 -0.553403
-24.5 -6.83333 -90.5 -0.643174 -0.529219 -0.553403
-20.6 -10.62 -88.3 -0.643174 -0.529219 -0.553403
-38.6 -29.12 -52.8 -0.643174 -0.529219 -0.553403
-38.6 -29.12 -52.8 0.716726 -0.697355 0
-20.6 -10.62 -88.3 0.716726 -0.697355 0
-38.6 -29.12 -41.8858 0.716726 -0.697355 0
-20.6 -10.62 -88.3 0.716726 -0.697355 0
-20.6 -10.62 -55.3858 0.716726 -0.697355 0
-38.6 -29.12 -41.8858 0.716726 -0.697355 0
-39 -26.3333 -43.447 -0.989855 -0.142085 0
-39 -26.3333 -55 -0.989855 -0.142085 0
-38.6 -29.12 -41.8858 -0.989855 -0.142085 0
-39 -26.3333 -55 -0.989855 -0.142085 0
-38.6 -29.12 -52.8 -0.989855 -0.142085 0
-38.6 -29.12 -41.8858 -0.989855 -0.142085 0
4.26833 -6.83333 116.5 0 -0.737155 0.675724
4.26833 -10.5 112.5 0 -0.737155 0.675724
11.865 -6.83333 116.5 0 -0.737155 0.675724
4.26833 -10.5 112.5 0 -0.737155 0.675724
8.683 -8.12 114.9 0 -0.737155 0.675724
11.865 -6.83333 116.5 0 -0.737155 0.675724
24.5 7.83333 -91.9 0.695385 -0.0682871 -0.715386
24.5 -6.83333 -90.5 0.695385 -0.0682871 -0.715386
6.83333 1.83333 -108.5 0.695385 -0.0682871 -0.715386
24.5 -6.83333 -90.5 0.695385 -0.0682871 -0.715386
6.83333 -11.8333 -108.5 0.695385 -0.0682871 -0.715386
6.83333 1.83333 -108.5 0.695385 -0.0682871 -0.715386
4.26833 -1.46667 116.5 0.021693 0.823972 0.566216
11.865 -1.66667 116.5 0.021693 0.823972 0.566216
4.26833 3 110 0.021693 0.823972 0.566216
11.865 -1.66667 116.5 0.021693 0.823972 0.566216
8.683 1.62 110 0.021693 0.823972 0.566216
4.26833 3 110 0.021693 0.823972 0.566216
3.55333 -9.25833 -126.5 0.9838 0 -0.17927
3.55333 -3.74167 -126.5 0.9838 0 -0.17927
6.83333 -11.8333 -108.5 0.9838 0 -0.17927
3.55333 -3.74167 -126.5 0.9838 0 -0.17927
6.83333 1.83333 -108.5 0.9838 0 -0.17927
6.83333 -11.8333 -108.5 0.9838 0 -0.17927
6.83333 22 -91.9 0.41553 0.578064 -0.702266
17.1 14.62 -91.9 0.41553 0.578064 -0.702266
6.83333 1.83333 -108.5 0.41553 0.578064 -0.702266
17.1 14.62 -91.9 0.481362 0.524864 -0.702003
24.5 7.83333 -91.9 0.481362 0.524864 -0.702003
6.83333 1.83333 -108.5 0.481362 0.524864 -0.702003
24.5 -6.83333 -90.5 0.554117 -0.763462 -0.331783
20.6 -10.62 -88.3 0.554117 -0.763462 -0.331783
6.83333 -11.8333 -108.5 0.554117 -0.763462 -0.331783
6.83333 -17.5 -81.9 0.364901 -0.910612 -0.19399
6.83333 -11.8333 -108.5 0.364901 -0.910612 -0.19399
20.6 -10.62 -88.3 0.364901 -0.910612 -0.19399
20.6 -10.62 -55.3858 0.44704 -0.894514 0
6.83333 -17.5 -50.844 0.44704 -0.894514 0
20.6 -10.62 -88.3 0.44704 -0.894514 0
6.83333 -17.5 -50.844 0.44704 -0.894514 0
6.83333 -17.5 -81.9 0.44704 -0.894514 0
20.6 -10.62 -88.3 0.44704 -0.894514 0
24.5 9.8816 -51.4406 1 0 0
24.5 -6.83333 -56.947 1 0 0
24.5 7.83333 -91.9 1 0 0
24.5 -6.83333 -56.947 1 0 0
24.5 -6.83333 -90.5 1 0 0
24.5 7.83333 -91.9 1 0 0
17.1 25.6683 -48.4406 0.89148 0.439094 -0.111626
24.5 9.8816 -51.4406 0.89148 0.439094 -0.111626
17.1 14.62 -91.9 0.89148 0.439094 -0.111626
24.5 9.8816 -51.4406 0.89148 0.439094 -0.111626
24.5 7.83333 -91.9 0.89148 0.439094 -0.111626
17.1 14.62 -91.9 0.89148 0.439094 -0.111626
2.83333 33.0483 -48.4406 0.451911 0.873612 -0.180496
17.1 25.6683 -48.4406 0.451911 0.873612 -0.180496
6.83333 22 -91.9 0.451911 0.873612 -0.180496
17.1 25.6683 -48.4406 0.451911 0.873612 -0.180496
17.1 14.62 -91.9 0.451911 0.873612 -0.180496
6.83333 22 -91.9 0.451911 0.873612 -0.180496
17.1 -13.12 3.39893 0.388221 -0.921426 -0.016072
6.83333 -17.5 6.51664 0.388221 -0.921426 -0.016072
20.6 -10.62 -55.3858 0.388221 -0.921426 -0.016072
6.83333 -17.5 6.51664 0.388221 -0.921426 -0.016072
6.83333 -17.5 -50.844 0.388221 -0.921426 -0.016072
20.6 -10.62 -55.3858 0.388221 -0.921426 -0.016072
24.5 -6.83333 2.32722 0.647449 -0.762109 0
17.1 -13.12 3.39893 0.647449 -0.762109 0
24.5 -6.83333 -56.947 0.647449 -0.762109 0
17.1 -13.12 3.39893 0.647449 -0.762109 0
20.6 -10.62 -55.3858 0.647449 -0.762109 0
24.5 -6.83333 -56.947 0.647449 -0.762109 0
24.5 -6.83333 -56.947 1 0 0
24.5 9.8816 -51.4406 1 0 0
24.5 -6.83333 2.32722 1 0 0
24.5 9.8816 -51.4406 1 0 0
24.5 9.32002 1.64521 1 0 0
24.5 -6.83333 2.32722 1 0 0
24.5 9.8816 -51.4406 0.905777 0.423731 0.00448248
17.1 25.6683 -48.4406 0.905777 0.423731 0.00448248
24.5 9.32002 1.64521 0.905777 0.423731 0.00448248
17.1 25.6683 -48.4406 0.905777 0.423731 0.00448248
17.1 25.1067 1.64521 0.905777 0.423731 0.00448248
24.5 9.32002 1.64521 0.905777 0.423731 0.00448248
2.83333 32.4867 1.64521 0.459434 0.888156 0.00995817
17.1 25.1067 1.64521 0.459434 0.888156 0.00995817
2.83333 33.0483 -48.4406 0.459434 0.888156 0.00995817
17.1 25.1067 1.64521 0.459434 0.888156 0.00995817
17.1 25.6683 -48.4406 0.459434 0.888156 0.00995817
2.83333 33.0483 -48.4406 0.459434 0.888156 0.00995817
2.83333 33.0483 -48.4406 0.998463 0.0554209 0.00062139
1.33333 59.5483 -1.70625 0.998463 0.0554209 0.00062139
2.83333 32.4867 1.64521 0.998463 0.0554209 0.00062139
1.33333 59.5483 -1.70625 0.998463 0.0554209 0.00062139
1.33333 58.9867 6.4109 0.998463 0.0554209 0.00062139
2.83333 32.4867 1.64521 0.998463 0.0554209 0.00062139
38.865 -5.45267 143 0.0395672 0.994028 0.101701
11.865 -1.66667 116.5 0.0395672 0.994028 0.101701
4.26833 -3.19567 134.4 0.0395672 0.994028 0.101701
11.865 -1.66667 116.5 0.0395672 0.994028 0.101701
4.26833 -1.46667 116.5 0.0395672 0.994028 0.101701
4.26833 -3.19567 134.4 0.0395672 0.994028 0.101701
11.865 -6.83333 116.5 0.700468 0 -0.713684
11.865 -1.66667 116.5 0.700468 0 -0.713684
38.865 -8.60433 143 0.700468 0 -0.713684
11.865 -1.66667 116.5 0.700468 0 -0.713684
38.865 -5.45267 143 0.700468 0 -0.713684
38.865 -8.60433 143 0.700468 0 -0.713684
38.865 -8.60433 143 -0.060284 -0.998167 -0.00528627
4.26833 -6.46933 134.4 -0.060284 -0.998167 -0.00528627
11.865 -6.83333 116.5 -0.060284 -0.998167 -0.00528627
4.26833 -6.46933 134.4 -0.060284 -0.998167 -0.00528627
4.26833 -6.83333 116.5 -0.060284 -0.998167 -0.00528627
11.865 -6.83333 116.5 -0.060284 -0.998167 -0.00528627
4.26833 -3.19567 134.4 -0.241237 0 0.970466
4.26833 -6.46933 134.4 -0.241237 0 0.970466
38.865 -5.45267 143 -0.241237 0 0.970466
4.26833 -6.46933 134.4 -0.241237 0 0.970466
38.865 -8.60433 143 -0.241237 0 0.970466
38.865 -5.45267 143 -0.241237 0 0.970466
38.6 -29.12 -41.8858 -0.130074 0.498764 0.856922
39 -26.3333 -43.447 -0.130074 0.498764 0.856922
20.6 -10.62 -55.3858 -0.130074 0.498764 0.856922
39 -26.3333 -43.447 -0.130074 0.498764 0.856922
24.5 -6.83333 -56.947 -0.130074 0.498764 0.856922
20.6 -10.62 -55.3858 -0.130074 0.498764 0.856922
24.5 -6.83333 -90.5 0.802462 0.596703 0
24.5 -6.83333 -56.947 0.802462 0.596703 0
39 -26.3333 -55 0.802462 0.596703 0
24.5 -6.83333 -56.947 0.802462 0.596703 0
39 -26.3333 -43.447 0.802462 0.596703 0
39 -26.3333 -55 0.802462 0.596703 0
39 -26.3333 -55 0.643174 -0.529219 -0.553403
38.6 -29.12 -52.8 0.643174 -0.529219 -0.553403
24.5 -6.83333 -90.5 0.643174 -0.529219 -0.553403
38.6 -29.12 -52.8 0.643174 -0.529219 -0.553403
20.6 -10.62 -88.3 0.643174 -0.529219 -0.553403
24.5 -6.83333 -90.5 0.643174 -0.529219 -0.553403
38.6 -29.12 -52.8 -0.716726 -0.697355 0
38.6 -29.12 -41.8858 -0.716726 -0.697355 0
20.6 -10.62 -88.3 -0.716726 -0.697355 0
38.6 -29.12 -41.8858 -0.716726 -0.697355 0
20.6 -10.62 -55.3858 -0.716726 -0.697355 0
20.6 -10.62 -88.3 -0.716726 -0.697355 0
39 -26.3333 -43.447 0.989855 -0.142085 0
38.6 -29.12 -41.8858 0.989855 -0.142085 0
39 -26.3333 -55 0.989855 -0.142085 0
38.6 -29.12 -41.8858 0.989855 -0.142085 0
38.6 -29.12 -52.8 0.989855 -0.142085 0
39 -26.3333 -55 0.989855 -0.142085 0
6.83333 22 -91.9 0 0.969173 -0.246383
-6.83333 22 -91.9 0 0.969173 -0.246383
2.83333 33.0483 -48.4406 0 0.969173 -0.246383
-6.83333 22 -91.9 0 0.969173 -0.246383
-2.83333 33.0483 -48.4406 0 0.969173 -0.246383
2.83333 33.0483 -48.4406 0 0.969173 -0.246383
-2.83333 33.0483 -48.4406 0 0.969173 -0.246383
0 33.0483 -48.4406 0 0.969173 -0.246383
2.83333 33.0483 -48.4406 0 0.969173 -0.246383
3.55333 -3.74167 -126.5 0 0 -1
3.55333 -9.25833 -126.5 0 0 -1
-3.55333 -3.74167 -126.5 0 0 -1
3.55333 -9.25833 -126.5 0 0 -1
-3.55333 -9.25833 -126.5 0 0 -1
-3.55333 -3.74167 -126.5 0 0 -1
-6.83333 1.83333 -108.5 0 0.955232 -0.295857
6.83333 1.83333 -108.5 0 0.955232 -0.295857
-3.55333 -3.74167 -126.5 0 0.955232 -0.295857
6.83333 1.83333 -108.5 0 0.955232 -0.295857
3.55333 -3.74167 -126.5 0 0.955232 -0.295857
-3.55333 -3.74167 -126.5 0 0.955232 -0.295857
-4.26833 3 110 0 0.824166 0.566349
-4.26833 -1.46667 116.5 0 0.824166 0.566349
4.26833 3 110 0 0.824166 0.566349
-4.26833 -1.46667 116.5 0 0.824166 0.566349
4.26833 -1.46667 116.5 0 0.824166 0.566349
4.26833 3 110 0 0.824166 0.566349
-6.83333 1.83333 -108.5 0 0.635528 -0.772078
-6.83333 22 -91.9 0 0.635528 -0.772078
6.83333 1.83333 -108.5 0 0.635528 -0.772078
-6.83333 22 -91.9 0 0.635528 -0.772078
6.83333 22 -91.9 0 0.635528 -0.772078
6.83333 1.83333 -108.5 0 0.635528 -0.772078
-6.83333 -17.5 -81.9 0 -0.978053 -0.208357
-6.83333 -11.8333 -108.5 0 -0.978053 -0.208357
6.83333 -17.5 -81.9 0 -0.978053 -0.208357
-6.83333 -11.8333 -108.5 0 -0.978053 -0.208357
6.83333 -11.8333 -108.5 0 -0.978053 -0.208357
6.83333 -17.5 -81.9 0 -0.978053 -0.208357
-4.26833 -6.83333 116.5 0 -0.737155 0.675724
-4.26833 -10.5 112.5 0 -0.737155 0.675724
4.26833 -6.83333 116.5 0 -0.737155 0.675724
-4.26833 -10.5 112.5 0 -0.737155 0.675724
4.26833 -10.5 112.5 0 -0.737155 0.675724
4.26833 -6.83333 116.5 0 -0.737155 0.675724
-2.83333 32.4867 1.64521 0 -0.176998 0.984211
2.83333 32.4867 1.64521 0 -0.176998 0.984211
-1.33333 58.9867 6.4109 0 -0.176998 0.984211
2.83333 32.4867 1.64521 0 -0.176998 0.984211
1.33333 58.9867 6.4109 0 -0.176998 0.984211
-1.33333 58.9867 6.4109 0 -0.176998 0.984211
-4.26833 -6.46933 134.4 0 -0.999793 0.020331
-4.26833 -6.83333 116.5 0 -0.999793 0.020331
4.26833 -6.46933 134.4 0 -0.999793 0.020331
-4.26833 -6.83333 116.5 0 -0.999793 0.020331
4.26833 -6.83333 116.5 0 -0.999793 0.020331
4.26833 -6.46933 134.4 0 -0.999793 0.020331
6.83333 -11.8333 -108.5 0 -0.989922 -0.141614
-6.83333 -11.8333 -108.5 0 -0.989922 -0.141614
3.55333 -9.25833 -126.5 0 -0.989922 -0.141614
-6.83333 -11.8333 -108.5 0 -0.989922 -0.141614
-3.55333 -9.25833 -126.5 0 -0.989922 -0.141614
3.55333 -9.25833 -126.5 0 -0.989922 -0.141614
6.83333 -17.5 -81.9 0 -1 0
6.83333 -17.5 -50.844 0 -1 0
-6.83333 -17.5 -81.9 0 -1 0
6.83333 -17.5 -50.844 0 -1 0
-6.83333 -17.5 -50.844 0 -1 0
-6.83333 -17.5 -81.9 0 -1 0
6.83333 -17.5 -50.844 0 -1 0
6.83333 -17.5 6.51664 0 -1 0
-6.83333 -17.5 -50.844 0 -1 0
6.83333 -17.5 6.51664 0 -1 0
-6.83333 -17.5 6.51664 0 -1 0
-6.83333 -17.5 -50.844 0 -1 0
2.83333 33.0483 -48.4406 0 0.869885 -0.493255
-2.83333 33.0483 -48.4406 0 0.869885 -0.493255
1.33333 59.5483 -1.70625 0 0.869885 -0.493255
-1.33333 59.5483 -1.70625 0 0.869885 -0.493255
1.33333 59.5483 -1.70625 0 0.869885 -0.493255
-2.83333 33.0483 -48.4406 0 0.869885 -0.493255
-1.33333 59.5483 -1.70625 0 0.997615 0.0690183
1.33333 58.9867 6.4109 0 0.997615 0.0690183
1.33333 59.5483 -1.70625 0 0.997615 0.0690183
1.33333 58.9867 6.4109 0 0.997615 0.0690183
-1.33333 59.5483 -1.70625 0 0.997615 0.0690183
-1.33333 58.9867 6.4109 0 0.997615 0.0690183
4.26833 -3.19567 134.4 0 0 1
-4.26833 -3.19567 134.4 0 0 1
4.26833 -6.46933 134.4 0 0 1
-4.26833 -3.19567 134.4 0 0 1
-4.26833 -6.46933 134.4 0 0 1
4.26833 -6.46933 134.4 0 0 1
17.1 -13.12 3.39893 0.409739 -0.90938 0.0717094
8.683 -8.12 114.9 0.409739 -0.90938 0.0717094
6.83333 -17.5 6.51664 0.409739 -0.90938 0.0717094
8.683 -8.12 114.9 0.409739 -0.90938 0.0717094
4.26833 -10.5 112.5 0.409739 -0.90938 0.0717094
6.83333 -17.5 6.51664 0.409739 -0.90938 0.0717094
-17.1 -13.12 3.39893 -0.409739 -0.90938 0.0717094
-6.83333 -17.5 6.51664 -0.409739 -0.90938 0.0717094
-8.683 -8.12 114.9 -0.409739 -0.90938 0.0717094
-6.83333 -17.5 6.51664 -0.409739 -0.90938 0.0717094
-4.26833 -10.5 112.5 -0.409739 -0.90938 0.0717094
-8.683 -8.12 114.9 -0.409739 -0.90938 0.0717094
-24.5 -6.83333 2.32722 -0.65181 -0.754944 0.0721329
-17.1 -13.12 3.39893 -0.65181 -0.754944 0.0721329
-11.865 -6.83333 116.5 -0.65181 -0.754944 0.0721329
-17.1 -13.12 3.39893 -0.65181 -0.754944 0.0721329
-8.683 -8.12 114.9 -0.65181 -0.754944 0.0721329
-11.865 -6.83333 116.5 -0.65181 -0.754944 0.0721329
24.5 -6.83333 2.32722 0.65181 -0.754944 0.0721329
11.865 -6.83333 116.5 0.65181 -0.754944 0.0721329
17.1 -13.12 3.39893 0.65181 -0.754944 0.0721329
11.865 -6.83333 116.5 0.65181 -0.754944 0.0721329
8.683 -8.12 114.9 0.65181 -0.754944 0.0721329
17.1 -13.12 3.39893 0.65181 -0.754944 0.0721329
-4.26833 3 110 0 0.96491 0.262582
4.26833 3 110 0 0.96491 0.262582
-2.83333 32.4867 1.64521 0 0.96491 0.262582
4.26833 3 110 0 0.96491 0.262582
2.83333 32.4867 1.64521 0 0.96491 0.262582
-2.83333 32.4867 1.64521 0 0.96491 0.262582
2.83333 32.4867 1.64521 0 0.96491 0.262582
0 32.4867 1.64521 0 0.96491 0.262582
-2.83333 32.4867 1.64521 0 0.96491 0.262582
24.5 9.32002 1.64521 0.993944 0.0046352 0.109786
11.865 -1.66667 116.5 0.993944 0.0046352 0.109786
24.5 -6.83333 2.32722 0.993944 0.0046352 0.109786
11.865 -1.66667 116.5 0.993944 0.0046352 0.109786
11.865 -6.83333 116.5 0.993944 0.0046352 0.109786
24.5 -6.83333 2.32722 0.993944 0.0046352 0.109786
-24.5 9.32002 1.64521 -0.993944 0.0046352 0.109786
-24.5 -6.83333 2.32722 -0.993944 0.0046352 0.109786
-11.865 -1.66667 116.5 -0.993944 0.0046352 0.109786
-24.5 -6.83333 2.32722 -0.993944 0.0046352 0.109786
-11.865 -6.83333 116.5 -0.993944 0.0046352 0.109786
-11.865 -1.66667 116.5 -0.993944 0.0046352 0.109786
24.5 9.32002 1.64521 0.896688 0.420323 0.13885
17.1 25.1067 1.64521 0.896688 0.420323 0.13885
11.865 -1.66667 116.5 0.896688 0.420323 0.13885
17.1 25.1067 1.64521 0.896688 0.420323 0.13885
8.683 1.62 110 0.896688 0.420323 0.13885
11.865 -1.66667 116.5 0.896688 0.420323 0.13885
-6.83333 -17.5 6.51664 0 -0.997826 0.0659045
6.83333 -17.5 6.51664 0 -0.997826 0.0659045
-4.26833 -10.5 112.5 0 -0.997826 0.0659045
6.83333 -17.5 6.51664 0 -0.997826 0.0659045
4.26833 -10.5 112.5 0 -0.997826 0.0659045
-4.26833 -10.5 112.5 0 -0.997826 0.0659045
-24.5 9.32002 1.64521 -0.896688 0.420323 0.13885
-11.865 -1.66667 116.5 -0.896688 0.420323 0.13885
-17.1 25.1067 1.64521 -0.896688 0.420323 0.13885
-11.865 -1.66667 116.5 -0.896688 0.420323 0.13885
-8.683 1.62 110 -0.896688 0.420323 0.13885
-17.1 25.1067 1.64521 -0.896688 0.420323 0.13885
2.83333 32.4867 1.64521 0.44721 0.864526 0.229342
4.26833 3 110 0.44721 0.864526 0.229342
17.1 25.1067 1.64521 0.44721 0.864526 0.229342
4.26833 3 110 0.44721 0.864526 0.229342
8.683 1.62 110 0.44721 0.864526 0.229342
17.1 25.1067 1.64521 0.44721 0.864526 0.229342
-2.83333 32.4867 1.64521 -0.44721 0.864526 0.229342
-17.1 25.1067 1.64521 -0.44721 0.864526 0.229342
-4.26833 3 110 -0.44721 0.864526 0.229342
-17.1 25.1067 1.64521 -0.44721 0.864526 0.229342
-8.683 1.62 110 -0.44721 0.864526 0.229342
-4.26833 3 110 -0.44721 0.864526 0.229342
4.26833 -1.46667 116.5 0 0.995367 0.0961447
-4.26833 -1.46667 116.5 0 0.995367 0.0961447
-4.26833 -3.19567 134.4 0 0.995367 0.0961447
4.26833 -1.46667 116.5 0 0.995367 0.0961447
-4.26833 -3.19567 134.4 0 0.995367 0.0961447
4.26833 -3.19567 134.4 0 0.995367 0.0961447
-4.26833 -6.83333 116.5 0 -0.737155 0.675724
-11.865 -6.83333 116.5 0 -0.737155 0.675724
-4.26833 -10.5 112.5 0 -0.737155 0.675724
-11.865 -6.83333 116.5 0 -0.737155 0.675724
-8.683 -8.12 114.9 0 -0.737155 0.675724
-4.26833 -10.5 112.5 0 -0.737155 0.675724
-24.5 7.83333 -91.9 -0.695385 -0.0682871 -0.715386
-6.83333 1.83333 -108.5 -0.695385 -0.0682871 -0.715386
-24.5 -6.83333 -90.5 -0.695385 -0.0682871 -0.715386
-6.83333 1.83333 -108.5 -0.695385 -0.0682871 -0.715386
-6.83333 -11.8333 -108.5 -0.695385 -0.0682871 -0.715386
-24.5 -6.83333 -90.5 -0.695385 -0.0682871 -0.715386
-11.865 -1.66667 116.5 -0.0236094 0.896763 0.441882
-4.26833 -1.46667 116.5 -0.0236094 0.896763 0.441882
-8.683 1.62 110 -0.0236094 0.896763 0.441882
-4.26833 -1.46667 116.5 -0.0236094 0.896763 0.441882
-4.26833 3 110 -0.0236094 0.896763 0.441882
-8.683 1.62 110 -0.0236094 0.896763 0.441882
-3.55333 -9.25833 -126.5 -0.9838 0 -0.17927
-6.83333 -11.8333 -108.5 -0.9838 0 -0.17927
-3.55333 -3.74167 -126.5 -0.9838 0 -0.17927
-6.83333 -11.8333 -108.5 -0.9838 0 -0.17927
-6.83333 1.83333 -108.5 -0.9838 0 -0.17927
-3.55333 -3.74167 -126.5 -0.9838 0 -0.17927
-6.83333 22 -91.9 -0.41553 0.578064 -0.702266
-6.83333 1.83333 -108.5 -0.41553 0.578064 -0.702266
-17.1 14.62 -91.9 -0.41553 0.578064 -0.702266
-17.1 14.62 -91.9 -0.481362 0.524864 -0.702003
-6.83333 1.83333 -108.5 -0.481362 0.524864 -0.702003
-24.5 7.83333 -91.9 -0.481362 0.524864 -0.702003
-24.5 -6.83333 -90.5 -0.554117 -0.763462 -0.331783
-6.83333 -11.8333 -108.5 -0.554117 -0.763462 -0.331783
-20.6 -10.62 -88.3 -0.554117 -0.763462 -0.331783
-6.83333 -17.5 -81.9 -0.364901 -0.910612 -0.19399
-20.6 -10.62 -88.3 -0.364901 -0.910612 -0.19399
-6.83333 -11.8333 -108.5 -0.364901 -0.910612 -0.19399
-20.6 -10.62 -55.3858 -0.44704 -0.894514 0
-20.6 -10.62 -88.3 -0.44704 -0.894514 0
-6.83333 -17.5 -50.844 -0.44704 -0.894514 0
-20.6 -10.62 -88.3 -0.44704 -0.894514 0
-6.83333 -17.5 -81.9 -0.44704 -0.894514 0
-6.83333 -17.5 -50.844 -0.44704 -0.894514 0
-24.5 9.8816 -51.4406 -1 0 0
-24.5 7.83333 -91.9 -1 0 0
-24.5 -6.83333 -56.947 -1 0 0
-24.5 7.83333 -91.9 -1 0 0
-24.5 -6.83333 -90.5 -1 0 0
-24.5 -6.83333 -56.947 -1 0 0
-17.1 25.6683 -48.4406 -0.89148 0.439094 -0.111626
-17.1 14.62 -91.9 -0.89148 0.439094 -0.111626
-24.5 9.8816 -51.4406 -0.89148 0.439094 -0.111626
-17.1 14.62 -91.9 -0.89148 0.439094 -0.111626
-24.5 7.83333 -91.9 -0.89148 0.439094 -0.111626
-24.5 9.8816 -51.4406 -0.89148 0.439094 -0.111626
-2.83333 33.0483 -48.4406 -0.451911 0.873612 -0.180496
-6.83333 22 -91.9 -0.451911 0.873612 -0.180496
-17.1 25.6683 -48.4406 -0.451911 0.873612 -0.180496
-6.83333 22 -91.9 -0.451911 0.873612 -0.180496
-17.1 14.62 -91.9 -0.451911 0.873612 -0.180496
-17.1 25.6683 -48.4406 -0.451911 0.873612 -0.180496
-17.1 -13.12 3.39893 -0.388221 -0.921426 -0.016072
-20.6 -10.62 -55.3858 -0.388221 -0.921426 -0.016072
-6.83333 -17.5 6.51664 -0.388221 -0.921426 -0.016072
-20.6 -10.62 -55.3858 -0.388221 -0.921426 -0.016072
-6.83333 -17.5 -50.844 -0.388221 -0.921426 -0.016072
-6.83333 -17.5 6.51664 -0.388221 -0.921426 -0.016072
-24.5 -6.83333 2.32722 -0.647449 -0.762109 0
-24.5 -6.83333 -56.947 -0.647449 -0.762109 0
-17.1 -13.12 3.39893 -0.647449 -0.762109 0
-24.5 -6.83333 -56.947 -0.647449 -0.762109 0
-20.6 -10.62 -55.3858 -0.647449 -0.762109 0
-17.1 -13.12 3.39893 -0.647449 -0.762109 0
-24.5 9.32002 1.64521 -1 0 0
-24.5 9.8816 -51.4406 -1 0 0
-24.5 -6.83333 2.32722 -1 0 0
-24.5 9.8816 -51.4406 -1 0 0
-24.5 -6.83333 -56.947 -1 0 0
-24.5 -6.83333 2.32722 -1 0 0
-17.1 25.1067 1.64521 -0.905449 0.424429 0.00475878
-17.1 25.6683 -48.4406 -0.905449 0.424429 0.00475878
-24.5 9.32002 1.64521 -0.905449 0.424429 0.00475878
-17.1 25.6683 -48.4406 -0.905449 0.424429 0.00475878
-24.5 9.8816 -51.4406 -0.905449 0.424429 0.00475878
-24.5 9.32002 1.64521 -0.905449 0.424429 0.00475878
-2.83333 32.4867 1.64521 -0.459434 0.888156 0.00995817
-2.83333 33.0483 -48.4406 -0.459434 0.888156 0.00995817
-17.1 25.1067 1.64521 -0.459434 0.888156 0.00995817
-2.83333 33.0483 -48.4406 -0.459434 0.888156 0.00995817
-17.1 25.6683 -48.4406 -0.459434 0.888156 0.00995817
-17.1 25.1067 1.64521 -0.459434 0.888156 0.00995817
-1.33333 59.5483 -1.70625 -0.998724 0.0503842 0.00348574
-2.83333 33.0483 -48.4406 -0.998724 0.0503842 0.00348574
-1.33333 58.9867 6.4109 -0.998724 0.0503842 0.00348574
-2.83333 33.0483 -48.4406 -0.998724 0.0503842 0.00348574
-2.83333 32.4867 1.64521 -0.998724 0.0503842 0.00348574
-1.33333 58.9867 6.4109 -0.998724 0.0503842 0.00348574
-38.865 -5.45267 143 -0.0395672 0.994028 0.101701
-4.26833 -3.19567 134.4 -0.0395672 0.994028 0.101701
-11.865 -1.66667 116.5 -0.0395672 0.994028 0.101701
-4.26833 -3.19567 134.4 -0.0395672 0.994028 0.101701
-4.26833 -1.46667 116.5 -0.0395672 0.994028 0.101701
-11.865 -1.66667 116.5 -0.0395672 0.994028 0.101701
-38.865 -5.45267 143 -0.700468 0 -0.713684
-11.865 -1.66667 116.5 -0.700468 0 -0.713684
-38.865 -8.60433 143 -0.700468 0 -0.713684
-11.865 -1.66667 116.5 -0.700468 0 -0.713684
-11.865 -6.83333 116.5 -0.700468 0 -0.713684
-38.865 -8.60433 143 -0.700468 0 -0.713684
-38.865 -8.60433 143 0.060284 -0.998167 -0.00528627
-11.865 -6.83333 116.5 0.060284 -0.998167 -0.00528627
-4.26833 -6.46933 134.4 0.060284 -0.998167 -0.00528627
-11.865 -6.83333 116.5 0.060284 -0.998167 -0.00528627
-4.26833 -6.83333 116.5 0.060284 -0.998167 -0.00528627
-4.26833 -6.46933 134.4 0.060284 -0.998167 -0.00528627
-4.26833 -3.19567 134.4 0.241237 0 0.970466
-38.865 -5.45267 143 0.241237 0 0.970466
-4.26833 -6.46933 134.4 0.241237 0 0.970466
-38.865 -5.45267 143 0.241237 0 0.970466
-38.865 -8.60433 143 0.241237 0 0.970466
-4.26833 -6.46933 134.4 0.241237 0 0.970466
-38.6 -29.12 -41.8858 0.130074 0.498764 0.856922
-20.6 -10.62 -55.3858 0.130074 0.498764 0.856922
-39 -26.3333 -43.447 0.130074 0.498764 0.856922
-20.6 -10.62 -55.3858 0.130074 0.498764 0.856922
-24.5 -6.83333 -56.947 0.130074 0.498764 0.856922
-39 -26.3333 -43.447 0.130074 0.498764 0.856922
-39 -26.3333 -43.447 -0.802462 0.596703 0
-24.5 -6.83333 -56.947 -0.802462 0.596703 0
-39 -26.3333 -55 -0.802462 0.596703 0
-24.5 -6.83333 -56.947 -0.802462 0.596703 0
-24.5 -6.83333 -90.5 -0.802462 0.596703 0
-39 -26.3333 -55 -0.802462 0.596703 0
-39 -26.3333 -55 -0.643174 -0.529219 -0.553403
-24.5 -6.83333 -90.5 -0.643174 -0.529219 -0.553403
-38.6 -29.12 -52.8 -0.643174 -0.529219 -0.553403
-24.5 -6.83333 -90.5 -0.643174 -0.529219 -0.553403
-20.6 -10.62 -88.3 -0.643174 -0.529219 -0.553403
-38.6 -29.12 -52.8 -0.643174 -0.529219 -0.553403
-38.6 -29.12 -52.8 0.716726 -0.697355 0
-20.6 -10.62 -88.3 0.716726 -0.697355 0
-38.6 -29.12 -41.8858 0.716726 -0.697355 0
-20.6 -10.62 -88.3 0.716726 -0.697355 0
-20.6 -10.62 -55.3858 0.716726 -0.697355 0
-38.6 -29.12 -41.8858 0.716726 -0.697355 0
-39 -26.3333 -43.447 -0.989855 -0.142085 0
-39 -26.3333 -55 -0.989855 -0.142085 0
-38.6 -29.12 -41.8858 -0.989855 -0.142085 0
-39 -26.3333 -55 -0.989855 -0.142085 0
-38.6 -29.12 -52.8 -0.989855 -0.142085 0
-38.6 -29.12 -41.8858 -0.989855 -0.142085 0
4.26833 -6.83333 116.5 0 -0.737155 0.675724
4.26833 -10.5 112.5 0 -0.737155 0.675724
11.865 -6.83333 116.5 0 -0.737155 0.675724
4.26833 -10.5 112.5 0 -0.737155 0.675724
8.683 -8.12 114.9 0 -0.737155 0.675724
11.865 -6.83333 116.5 0 -0.737155 0.675724
24.5 7.83333 -91.9 0.695385 -0.0682871 -0.715386
24.5 -6.83333 -90.5 0.695385 -0.0682871 -0.715386
6.83333 1.83333 -108.5 0.695385 -0.0682871 -0.715386
24.5 -6.83333 -90.5 0.695385 -0.0682871 -0.715386
6.83333 -11.8333 -108.5 0.695385 -0.0682871 -0.715386
6.83333 1.83333 -108.5 0.695385 -0.0682871 -0.715386
4.26833 -1.46667 116.5 0.021693 0.823972 0.566216
11.865 -1.66667 116.5 0.021693 0.823972 0.566216
4.26833 3 110 0.021693 0.823972 0.566216
11.865 -1.66667 116.5 0.021693 0.823972 0.566216
8.683 1.62 110 0.021693 0.823972 0.566216
4.26833 3 110 0.021693 0.823972 0.566216
3.55333 -9.25833 -126.5 0.9838 0 -0.17927
3.55333 -3.74167 -126.5 0.9838 0 -0.17927
6.83333 -11.8333 -108.5 0.9838 0 -0.17927
3.55333 -3.74167 -126.5 0.9838 0 -0.17927
6.83333 1.83333 -108.5 0.9838 0 -0.17927
6.83333 -11.8333 -108.5 0.9838 0 -0.17927
6.83333 22 -91.9 0.41553 0.578064 -0.702266
17.1 14.62 -91.9 0.41553 0.578064 -0.702266
6.83333 1.83333 -108.5 0.41553 0.578064 -0.702266
17.1 14.62 -91.9 0.481362 0.524864 -0.702003
24.5 7.83333 -91.9 0.481362 0.524864 -0.702003
6.83333 1.83333 -108.5 0.481362 0.524864 -0.702003
24.5 -6.83333 -90.5 0.554117 -0.763462 -0.331783
20.6 -10.62 -88.3 0.554117 -0.763462 -0.331783
6.83333 -11.8333 -108.5 0.554117 -0.763462 -0.331783
6.83333 -17.5 -81.9 0.364901 -0.910612 -0.19399
6.83333 -11.8333 -108.5 0.364901 -0.910612 -0.19399
20.6 -10.62 -88.3 0.364901 -0.910612 -0.19399
20.6 -10.62 -55.3858 0.44704 -0.894514 0
6.83333 -17.5 -50.844 0.44704 -0.894514 0
20.6 -10.62 -88.3 0.44704 -0.894514 0
6.83333 -17.5 -50.844 0.44704 -0.894514 0
6.83333 -17.5 -81.9 0.44704 -0.894514 0
20.6 -10.62 -88.3 0.44704 -0.894514 0
24.5 9.8816 -51.4406 1 0 0
24.5 -6.83333 -56.947 1 0 0
24.5 7.83333 -91.9 1 0 0
24.5 -6.83333 -56.947 1 0 0
24.5 -6.83333 -90.5 1 0 0
24.5 7.83333 -91.9 1 0 0
17.1 25.6683 -48.4406 0.89148 0.439094 -0.111626
24.5 9.8816 -51.4406 0.89148 0.439094 -0.111626
17.1 14.62 -91.9 0.89148 0.439094 -0.111626
24.5 9.8816 -51.4406 0.89148 0.439094 -0.111626
24.5 7.83333 -91.9 0.89148 0.439094 -0.111626
17.1 14.62 -91.9 0.89148 0.439094 -0.111626
2.83333 33.0483 -48.4406 0.451911 0.873612 -0.180496
17.1 25.6683 -48.4406 0.451911 0.873612 -0.180496
6.83333 22 -91.9 0.451911 0.873612 -0.180496
17.1 25.6683 -48.4406 0.451911 0.873612 -0.180496
17.1 14.62 -91.9 0.451911 0.873612 -0.180496
6.83333 22 -91.9 0.451911 0.873612 -0.180496
17.1 -13.12 3.39893 0.388221 -0.921426 -0.016072
6.83333 -17.5 6.51664 0.388221 -0.921426 -0.016072
20.6 -10.62 -55.3858 0.388221 -0.921426 -0.016072
6.83333 -17.5 6.51664 0.388221 -0.921426 -0.016072
6.83333 -17.5 -50.844 0.388221 -0.921426 -0.016072
20.6 -10.62 -55.3858 0.388221 -0.921426 -0.016072
24.5 -6.83333 2.32722 0.647449 -0.762109 0
17.1 -13.12 3.39893 0.647449 -0.762109 0
24.5 -6.83333 -56.947 0.647449 -0.762109 0
17.1 -13.12 3.39893 0.647449 -0.762109 0
20.6 -10.62 -55.3858 0.647449 -0.762109 0
24.5 -6.83333 -56.947 0.647449 -0.762109 0
24.5 -6.83333 -56.947 1 0 0
24.5 9.8816 -51.4406 1 0 0
24.5 -6.83333 2.32722 1 0 0
24.5 9.8816 -51.4406 1 0 0
24.5 9.32002 1.64521 1 0 0
24.5 -6.83333 2.32722 1 0 0
24.5 9.8816 -51.4406 0.905777 0.423731 0.00448248
17.1 25.6683 -48.4406 0.905777 0.423731 0.00448248
24.5 9.32002 1.64521 0.905777 0.423731 0.00448248
17.1 25.6683 -48.4406 0.905777 0.423731 0.00448248
17.1 25.1067 1.64521 0.905777 0.423731 0.00448248
24.5 9.32002 1.64521 0.905777 0.423731 0.00448248
2.83333 32.4867 1.64521 0.459434 0.888156 0.00995817
17.1 25.1067 1.64521 0.459434 0.888156 0.00995817
2.83333 33.0483 -48.4406 0.459434 0.888156 0.00995817
17.1 25.1067 1.64521 0.459434 0.888156 0.00995817
17.1 25.6683 -48.4406 0.459434 0.888156 0.00995817
2.83333 33.0483 -48.4406 0.459434 0.888156 0.00995817
2.83333 33.0483 -48.4406 0.998463 0.0554209 0.00062139
1.33333 59.5483 -1.70625 0.998463 0.0554209 0.00062139
2.83333 32.4867 1.64521 0.998463 0.0554209 0.00062139
1.33333 59.5483 -1.70625 0.998463 0.0554209 0.00062139
1.33333 58.9867 6.4109 0.998463 0.0554209 0.00062139
2.83333 32.4867 1.64521 0.998463 0.0554209 0.00062139
38.865 -5.45267 143 0.0395672 0.994028 0.101701
11.865 -1.66667 116.5 0.0395672 0.994028 0.101701
4.26833 -3.19567 134.4 0.0395672 0.994028 0.101701
11.865 -1.66667 116.5 0.0395672 0.994028 0.101701
4.26833 -1.46667 116.5 0.0395672 0.994028 0.101701
4.26833 -3.19567 134.4 0.0395672 0.994028 0.101701
11.865 -6.83333 116.5 0.700468 0 -0.713684
11.865 -1.66667 116.5 0.700468 0 -0.713684
38.865 -8.60433 143 0.700468 0 -0.713684
11.865 -1.66667 116.5 0.700468 0 -0.713684
38.865 -5.45267 143 0.700468 0 -0.713684
38.865 -8.60433 143 0.700468 0 -0.713684
38.865 -8.60433 143 -0.060284 -0.998167 -0.00528627
4.26833 -6.46933 134.4 -0.060284 -0.998167 -0.00528627
11.865 -6.83333 116.5 -0.060284 -0.998167 -0.00528627
4.26833 -6.46933 134.4 -0.060284 -0.998167 -0.00528627
4.26833 -6.83333 116.5 -0.060284 -0.998167 -0.00528627
11.865 -6.83333 116.5 -0.060284 -0.998167 -0.00528627
4.26833 -3.19567 134.4 -0.241237 0 0.970466
4.26833 -6.46933 134.4 -0.241237 0 0.970466
38.865 -5.45267 143 -0.241237 0 0.970466
4.26833 -6.46933 134.4 -0.241237 0 0.970466
38.865 -8.60433 143 -0.241237 0 0.970466
38.865 -5.45267 143 -0.241237 0 0.970466
38.6 -29.12 -41.8858 -0.130074 0.498764 0.856922
39 -26.3333 -43.447 -0.130074 0.498764 0.856922
20.6 -10.62 -55.3858 -0.130074 0.498764 0.856922
39 -26.3333 -43.447 -0.130074 0.498764 0.856922
24.5 -6.83333 -56.947 -0.130074 0.498764 0.856922
20.6 -10.62 -55.3858 -0.130074 0.498764 0.856922
24.5 -6.83333 -90.5 0.802462 0.596703 0
24.5 -6.83333 -56.947 0.802462 0.596703 0
39 -26.3333 -55 0.802462 0.596703 0
24.5 -6.83333 -56.947 0.802462 0.596703 0
39 -26.3333 -43.447 0.802462 0.596703 0
39 -26.3333 -55 0.802462 0.596703 0
39 -26.3333 -55 0.643174 -0.529219 -0.553403
38.6 -29.12 -52.8 0.643174 -0.529219 -0.553403
24.5 -6.83333 -90.5 0.643174 -0.529219 -0.553403
38.6 -29.12 -52.8 0.643174 -0.529219 -0.553403
20.6 -10.62 -88.3 0.643174 -0.529219 -0.553403
24.5 -6.83333 -90.5 0.643174 -0.529219 -0.553403
38.6 -29.12 -52.8 -0.716726 -0.697355 0
38.6 -29.12 -41.8858 -0.716726 -0.697355 0
20.6 -10.62 -88.3 -0.716726 -0.697355 0
38.6 -29.12 -41.8858 -0.716726 -0.697355 0
20.6 -10.62 -55.3858 -0.716726 -0.697355 0
20.6 -10.62 -88.3 -0.716726 -0.697355 0
39 -26.3333 -43.447 0.989855 -0.142085 0
38.6 -29.12 -41.8858 0.989855 -0.142085 0
39 -26.3333 -55 0.989855 -0.142085 0
38.6 -29.12 -41.8858 0.989855 -0.142085 0
38.6 -29.12 -52.8 0.989855 -0.142085 0
39 -26.3333 -55 0.989855 -0.142085 0
6.83333 22 -91.9 0 0.969173 -0.246383
-6.83333 22 -91.9 0 0.969173 -0.246383
2.83333 33.0483 -48.4406 0 0.969173 -0.246383
-6.83333 22 -91.9 0 0.969173 -0.246383
-2.83333 33.0483 -48.4406 0 0.969173 -0.246383
2.83333 33.0483 -48.4406 0 0.969173 -0.246383
-2.83333 33.0483 -48.4406 0 0.969173 -0.246383
0 33.0483 -48.4406 0 0.969173 -0.246383
2.83333 33.0483 -48.4406 0 0.969173 -0.246383
3.55333 -3.74167 -126.5 0 0 -1
3.55333 -9.25833 -126.5 0 0 -1
-3.55333 -3.74167 -126.5 0 0 -1
3.55333 -9.25833 -126.5 0 0 -1
-3.55333 -9.25833 -126.5 0 0 -1
-3.55333 -3.74167 -126.5 0 0 -1
-6.83333 1.83333 -108.5 0 0.955232 -0.295857
6.83333 1.83333 -108.5 0 0.955232 -0.295857
-3.55333 -3.74167 -126.5 0 0.955232 -0.295857
6.83333 1.83333 -108.5 0 0.955232 -0.295857
3.55333 -3.74167 -126.5 0 0.955232 -0.295857
-3.55333 -3.74167 -126.5 0 0.955232 -0.295857
-4.26833 3 110 0 0.824166 0.566349
-4.26833 -1.46667 116.5 0 0.824166 0.566349
4.26833 3 110 0 0.824166 0.566349
-4.26833 -1.46667 116.5 0 0.824166 0.566349
4.26833 -1.46667 116.5 0 0.824166 0.566349
4.26833 3 110 0 0.824166 0.566349
-6.83333 1.83333 -108.5 0 0.635528 -0.772078
-6.83333 22 -91.9 0 0.635528 -0.772078
6.83333 1.83333 -108.5 0 0.635528 -0.772078
-6.83333 22 -91.9 0 0.635528 -0.772078
6.83333 22 -91.9 0 0.635528 -0.772078
6.83333 1.83333 -108.5 0 0.635528 -0.772078
-6.83333 -17.5 -81.9 0 -0.978053 -0.208357
-6.83333 -11.8333 -108.5 0 -0.978053 -0.208357
6.83333 -17.5 -81.9 0 -0.978053 -0.208357
-6.83333 -11.8333 -108.5 0 -0.978053 -0.208357
6.83333 -11.8333 -108.5 0 -0.978053 -0.208357
6.83333 -17.5 -81.9 0 -0.978053 -0.208357
-4.26833 -6.83333 116.5 0 -0.737155 0.675724
-4.26833 -10.5 112.5 0 -0.737155 0.675724
4.26833 -6.83333 116.5 0 -0.737155 0.675724
-4.26833 -10.5 112.5 0 -0.737155 0.675724
4.26833 -10.5 112.5 0 -0.737155 0.675724
4.26833 -6.83333 116.5 0 -0.737155 0.675724
-2.83333 32.4867 1.64521 0 -0.176998 0.984211
2.83333 32.4867 1.64521 0 -0.176998 0.984211
-1.33333 58.9867 6.4109 0 -0.176998 0.984211
2.83333 32.4867 1.64521 0 -0.176998 0.984211
1.33333 58.9867 6.4109 0 -0.176998 0.984211
-1.33333 58.9867 6.4109 0 -0.176998 0.984211
-4.26833 -6.46933 134.4 0 -0.999793 0.020331
-4.26833 -6.83333 116.5 0 -0.999793 0.020331
4.26833 -6.46933 134.4 0 -0.999793 0.020331
-4.26833 -6.83333 116.5 0 -0.999793 0.020331
4.26833 -6.83333 116.5 0 -0.999793 0.020331
4.26833 -6.46933 134.4 0 -0.999793 0.020331
6.83333 -11.8333 -108.5 0 -0.989922 -0.141614
-6.83333 -11.8333 -108.5 0 -0.989922 -0.141614
3.55333 -9.25833 -126.5 0 -0.989922 -0.141614
-6.83333 -11.8333 -108.5 0 -0.989922 -0.141614
-3.55333 -9.25833 -126.5 0 -0.989922 -0.141614
3.55333 -9.25833 -126.5 0 -0.989922 -0.141614
6.83333 -17.5 -81.9 0 -1 0
6.83333 -17.5 -50.844 0 -1 0
-6.83333 -17.5 -81.9 0 -1 0
6.83333 -17.5 -50.844 0 -1 0
-6.83333 -17.5 -50.844 0 -1 0
-6.83333 -17.5 -81.9 0 -1 0
6.83333 -17.5 -50.844 0 -1 0
6.83333 -17.5 6.51664 0 -1 0
-6.83333 -17.5 -50.844 0 -1 0
6.83333 -17.5 6.51664 0 -1 0
-6.83333 -17.5 6.51664 0 -1 0
-6.83333 -17.5 -50.844 0 -1 0
2.83333 33.0483 -48.4406 0 0.869885 -0.493255
-2.83333 33.0483 -48.4406 0 0.869885 -0.493255
1.33333 59.5483 -1.70625 0 0.869885 -0.493255
-1.33333 59.5483 -1.70625 0 0.869885 -0.493255
1.33333 59.5483 -1.70625 0 0.869885 -0.493255
-2.83333 33.0483 -48.4406 0 0.869885 -0.493255
-1.33333 59.5483 -1.70625 0 0.997615 0.0690183
1.33333 58.9867 6.4109 0 0.997615 0.0690183
1.33333 59.5483 -1.70625 0 0.997615 0.0690183
1.33333 58.9867 6.4109 0 0.997615 0.0690183
-1.33333 59.5483 -1.70625 0 0.997615 0.0690183
-1.33333 58.9867 6.4109 0 0.997615 0.0690183
4.26833 -3.19567 134.4 0 0 1
-4.26833 -3.19567 134.4 0 0 1
4.26833 -6.46933 134.4 0 0 1
-4.26833 -3.19567 134.4 0 0 1
-4.26833 -6.46933 134.4 0 0 1
4.26833 -6.46933 134.4 0 0 1
17.1 -13.12 3.39893 0.409739 -0.90938 0.0717094
8.683 -8.12 114.9 0.409739 -0.90938 0.0717094
6.83333 -17.5 6.51664 0.409739 -0.90938 0.0717094
8.683 -8.12 114.9 0.409739 -0.90938 0.0717094
4.26833 -10.5 112.5 0.409739 -0.90938 0.0717094
6.83333 -17.5 6.51664 0.409739 -0.90938 0.0717094
-17.1 -13.12 3.39893 -0.409739 -0.90938 0.0717094
-6.83333 -17.5 6.51664 -0.409739 -0.90938 0.0717094
-8.683 -8.12 114.9 -0.409739 -0.90938 0.0717094
-6.83333 -17.5 6.51664 -0.409739 -0.90938 0.0717094
-4.26833 -10.5 112.5 -0.409739 -0.90938 0.0717094
-8.683 -8.12 114.9 -0.409739 -0.90938 0.0717094
-24.5 -6.83333 2.32722 -0.65181 -0.754944 0.0721329
-17.1 -13.12 3.39893 -0.65181 -0.754944 0.0721329
-11.865 -6.83333 116.5 -0.65181 -0.754944 0.0721329
-17.1 -13.12 3.39893 -0.65181 -0.754944 0.0721329
-8.683 -8.12 114.9 -0.65181 -0.754944 0.0721329
-11.865 -6.83333 116.5 -0.65181 -0.754944 0.0721329
24.5 -6.83333 2.32722 0.65181 -0.754944 0.0721329
11.865 -6.83333 116.5 0.65181 -0.754944 0.0721329
17.1 -13.12 3.39893 0.65181 -0.754944 0.0721329
11.865 -6.83333 116.5 0.65181 -0.754944 0.0721329
8.683 -8.12 114.9 0.65181 -0.754944 0.0721329
17.1 -13.12 3.39893 0.65181 -0.754944 0.0721329
-4.26833 3 110 0 0.96491 0.262582
4.26833 3 110 0 0.96491 0.262582
-2.83333 32.4867 1.64521 0 0.96491 0.262582
4.26833 3 110 0 0.96491 0.262582
2.83333 32.4867 1.64521 0 0.96491 0.262582
-2.83333 32.4867 1.64521 0 0.96491 0.262582
2.83333 32.4867 1.64521 0 0.96491 0.262582
0 32.4867 1.64521 0 0.96491 0.262582
-2.83333 32.4867 1.64521 0 0.96491 0.262582
24.5 9.32002 1.64521 0.993944 0.0046352 0.109786
11.865 -1.66667 116.5 0.993944 0.0046352 0.109786
24.5 -6.83333 2.32722 0.993944 0.0046352 0.109786
11.865 -1.66667 116.5 0.993944 0.0046352 0.109786
11.865 -6.83333 116.5 0.993944 0.0046352 0.109786
24.5 -6.83333 2.32722 0.993944 0.0046352 0.109786
-24.5 9.32002 1.64521 -0.993944 0.0046352 0.109786
-24.5 -6.83333 2.32722 -0.993944 0.0046352 0.109786
-11.865 -1.66667 116.5 -0.993944 0.0046352 0.109786
-24.5 -6.83333 2.32722 -0.993944 0.0046352 0.109786
-11.865 -6.83333 116.5 -0.993944 0.0046352 0.109786
-11.865 -1.66667 116.5 -0.993944 0.0046352 0.109786
24.5 9.32002 1.64521 0.896688 0.420323 0.13885
17.1 25.1067 1.64521 0.896688 0.420323 0.13885
11.865 -1.66667 116.5 0.896688 0.420323 0.13885
17.1 25.1067 1.64521 0.896688 0.420323 0.13885
8.683 1.62 110 0.896688 0.420323 0.13885
11.865 -1.66667 116.5 0.896688 0.420323 0.13885
-6.83333 -17.5 6.51664 0 -0.997826 0.0659045
6.83333 -17.5 6.51664 0 -0.997826 0.0659045
-4.26833 -10.5 112.5 0 -0.997826 0.0659045
6.83333 -17.5 6.51664 0 -0.997826 0.0659045
4.26833 -10.5 112.5 0 -0.997826 0.0659045
-4.26833 -10.5 112.5 0 -0.997826 0.0659045
-24.5 9.32002 1.64521 -0.896688 0.420323 0.13885
-11.865 -1.66667 116.5 -0.896688 0.420323 0.13885
-17.1 25.1067 1.64521 -0.896688 0.420323 0.13885
-11.865 -1.66667 116.5 -0.896688 0.420323 0.13885
-8.683 1.62 110 -0.896688 0.420323 0.13885
-17.1 25.1067 1.64521 -0.896688 0.420323 0.13885
2.83333 32.4867 1.64521 0.44721 0.864526 0.229342
4.26833 3 110 0.44721 0.864526 0.229342
17.1 25.1067 1.64521 0.44721 0.864526 0.229342
4.26833 3 110 0.44721 0.864526 0.229342
8.683 1.62 110 0.44721 0.864526 0.229342
17.1 25.1067 1.64521 0.44721 0.864526 0.229342
-2.83333 32.4867 1.64521 -0.44721 0.864526 0.229342
-17.1 25.1067 1.64521 -0.44721 0.864526 0.229342
-4.26833 3 110 -0.44721 0.864526 0.229342
-17.1 25.1067 1.64521 -0.44721 0.864526 0.229342
-8.683 1.62 110 -0.44721 0.864526 0.229342
-4.26833 3 110 -0.44721 0.864526 0.229342
4.26833 -1.46667 116.5 0 0.995367 0.0961447
-4.26833 -1.46667 116.5 0 0.995367 0.0961447
-4.26833 -3.19567 134.4 0 0.995367 0.0961447
4.26833 -1.46667 116.5 0 0.995367 0.0961447
-4.26833 -3.19567 134.4 0 0.995367 0.0961447
4.26833 -3.19567 134.4 0 0.995367 0.0961447
